year,month,day,Gold Price Fix AM in US dollars per troy ounce,Gold Price Fix PM in US dollars per troy ounce
1992,1,2,351.2,350.9
1992,1,3,352.4,353.0
1992,1,6,351.15,349.4
1992,1,7,349.3,349.7
1992,1,8,350.3,350.6
1992,1,9,351.75,351.55
1992,1,10,356.65,357.9
1992,1,13,354.9,353.9
1992,1,14,353.4,353.6
1992,1,15,355.6,355.55
1992,1,16,354.6,356.75
1992,1,17,357.3,355.9
1992,1,20,356.6,358.75
1992,1,21,357.35,357.8
1992,1,22,356.85,356.75
1992,1,23,356.55,355.2
1992,1,24,354.5,353.25
1992,1,27,354.85,356.1
1992,1,28,356.3,356.3
1992,1,29,355.4,354.85
1992,1,30,356.5,356.0
1992,1,31,354.15,354.1
1992,2,3,357.1,356.4
1992,2,4,356.35,356.0
1992,2,5,354.95,354.3
1992,2,6,356.25,355.95
1992,2,7,355.4,356.2
1992,2,10,354.7,354.65
1992,2,11,355.25,356.0
1992,2,12,356.35,357.2
1992,2,13,356.65,356.3
1992,2,14,355.35,354.1
1992,2,17,354.2,354.35
1992,2,18,353.5,352.8
1992,2,19,352.35,353.2
1992,2,20,353.05,353.4
1992,2,21,353.25,351.6
1992,2,24,349.0,349.8
1992,2,25,350.65,350.5
1992,2,26,348.8,348.65
1992,2,27,350.85,353.75
1992,2,28,353.05,353.1
1992,3,2,350.55,350.45
1992,3,3,351.0,351.35
1992,3,4,350.2,350.15
1992,3,5,349.6,349.9
1992,3,6,350.55,349.4
1992,3,9,349.0,348.8
1992,3,10,348.9,348.35
1992,3,11,349.0,349.0
1992,3,12,348.65,347.6
1992,3,13,347.25,347.25
1992,3,16,346.75,343.0
1992,3,17,343.35,339.0
1992,3,18,340.0,340.3
1992,3,19,338.5,337.8
1992,3,20,337.6,338.8
1992,3,23,338.0,338.7
1992,3,24,337.75,338.4
1992,3,25,340.1,341.25
1992,3,26,340.75,340.4
1992,3,27,340.35,340.5
1992,3,30,342.75,343.3
1992,3,31,341.5,341.7
1992,4,1,343.75,344.0
1992,4,2,341.25,340.5
1992,4,3,340.25,340.6
1992,4,6,340.5,339.25
1992,4,7,338.5,338.75
1992,4,8,337.7,337.5
1992,4,9,338.4,338.45
1992,4,10,341.0,341.9
1992,4,13,342.0,340.8
1992,4,14,338.8,339.0
1992,4,15,339.6,338.95
1992,4,16,336.8,336.7
1992,4,21,338.2,338.3
1992,4,22,338.3,338.1
1992,4,23,338.6,338.5
1992,4,24,336.55,336.55
1992,4,27,336.5,335.7
1992,4,28,336.85,336.75
1992,4,29,334.75,335.7
1992,4,30,336.25,336.35
1992,5,1,337.1,337.5
1992,5,5,336.5,336.75
1992,5,6,336.75,336.7
1992,5,7,336.25,336.05
1992,5,8,334.85,336.9
1992,5,11,336.5,336.15
1992,5,12,334.9,335.25
1992,5,13,334.75,335.2
1992,5,14,336.5,336.9
1992,5,15,338.15,339.0
1992,5,18,339.2,338.9
1992,5,19,340.0,339.5
1992,5,20,337.45,336.95
1992,5,21,337.45,337.25
1992,5,22,337.2,337.7
1992,5,26,337.0,337.85
1992,5,27,338.45,338.6
1992,5,28,337.2,336.9
1992,5,29,337.55,337.5
1992,6,1,336.8,336.85
1992,6,2,337.75,339.0
1992,6,3,339.85,339.9
1992,6,4,338.65,338.4
1992,6,5,338.85,338.8
1992,6,8,338.5,338.7
1992,6,9,337.7,337.8
1992,6,10,337.85,337.65
1992,6,11,338.0,338.25
1992,6,12,340.25,339.6
1992,6,15,342.25,342.7
1992,6,16,342.15,342.35
1992,6,17,342.1,342.0
1992,6,18,340.9,341.25
1992,6,19,343.5,343.55
1992,6,22,341.6,342.5
1992,6,23,344.1,343.8
1992,6,24,344.0,342.3
1992,6,25,343.15,343.4
1992,6,26,343.35,343.5
1992,6,29,342.55,342.0
1992,6,30,343.4,343.4
1992,7,1,343.6,343.55
1992,7,2,344.65,347.1
1992,7,3,345.8,345.7
1992,7,6,346.2,346.6
1992,7,7,345.8,345.6
1992,7,8,347.7,347.5
1992,7,9,347.2,347.25
1992,7,10,348.75,348.7
1992,7,13,348.9,348.6
1992,7,14,350.4,349.3
1992,7,15,350.95,350.9
1992,7,16,353.15,353.0
1992,7,17,352.65,356.7
1992,7,20,358.8,359.3
1992,7,21,357.4,358.1
1992,7,22,357.1,358.75
1992,7,23,359.3,359.5
1992,7,24,357.9,357.6
1992,7,27,358.0,358.4
1992,7,28,359.25,359.6
1992,7,29,358.2,356.2
1992,7,30,356.75,356.75
1992,7,31,357.95,357.85
1992,8,3,357.3,354.05
1992,8,4,352.75,352.7
1992,8,5,352.9,350.75
1992,8,6,349.25,348.6
1992,8,7,349.85,349.9
1992,8,10,350.75,350.35
1992,8,11,348.5,348.15
1992,8,12,346.5,346.8
1992,8,13,339.25,337.3
1992,8,14,336.0,335.7
1992,8,17,337.5,337.4
1992,8,18,336.55,336.1
1992,8,19,338.6,338.0
1992,8,20,336.7,337.25
1992,8,21,337.35,336.9
1992,8,24,341.85,342.3
1992,8,25,340.85,341.4
1992,8,26,340.35,338.5
1992,8,27,338.75,339.0
1992,8,28,340.5,340.0
1992,9,1,342.65,341.7
1992,9,2,340.4,340.45
1992,9,3,339.05,338.85
1992,9,4,341.3,342.05
1992,9,7,343.25,343.0
1992,9,8,341.9,342.15
1992,9,9,343.1,343.3
1992,9,10,341.75,342.25
1992,9,11,341.05,340.0
1992,9,14,342.75,346.25
1992,9,15,346.2,345.9
1992,9,16,346.2,349.0
1992,9,17,350.75,348.4
1992,9,18,348.65,347.2
1992,9,21,348.25,349.1
1992,9,22,347.5,349.15
1992,9,23,348.9,348.25
1992,9,24,348.9,348.25
1992,9,25,348.35,349.7
1992,9,28,349.0,348.0
1992,9,29,347.7,347.5
1992,9,30,349.0,349.0
1992,10,1,347.6,348.55
1992,10,2,348.0,348.0
1992,10,5,348.75,349.5
1992,10,6,350.5,350.3
1992,10,7,349.5,350.15
1992,10,8,350.0,350.5
1992,10,9,349.8,350.1
1992,10,12,348.1,346.5
1992,10,13,343.45,343.75
1992,10,14,343.3,343.75
1992,10,15,341.75,341.85
1992,10,16,341.75,341.75
1992,10,19,342.25,342.6
1992,10,20,342.55,343.5
1992,10,21,343.5,343.75
1992,10,22,342.8,342.65
1992,10,23,343.6,342.5
1992,10,26,341.3,341.45
1992,10,27,339.1,338.25
1992,10,28,338.2,338.2
1992,10,29,339.5,339.5
1992,10,30,338.8,339.25
1992,11,2,339.3,339.5
1992,11,3,338.75,338.6
1992,11,4,336.9,337.8
1992,11,5,337.45,338.05
1992,11,6,336.7,337.1
1992,11,9,335.0,334.5
1992,11,10,330.2,330.35
1992,11,11,331.95,331.15
1992,11,12,333.2,333.1
1992,11,13,334.25,334.4
1992,11,16,336.0,335.4
1992,11,17,333.85,334.3
1992,11,18,335.4,335.1
1992,11,19,333.6,334.25
1992,11,20,335.55,336.1
1992,11,23,334.25,334.05
1992,11,24,333.95,334.3
1992,11,25,334.75,334.35
1992,11,26,334.65,334.7
1992,11,27,334.0,334.05
1992,11,30,333.7,334.2
1992,12,1,334.6,334.65
1992,12,2,335.1,335.65
1992,12,3,335.9,335.25
1992,12,4,335.9,335.6
1992,12,7,335.5,334.6
1992,12,8,335.25,335.25
1992,12,9,333.4,333.5
1992,12,10,333.9,333.7
1992,12,11,334.2,335.1
1992,12,14,335.3,335.2
1992,12,15,334.7,334.9
1992,12,16,334.9,337.3
1992,12,17,337.75,338.65
1992,12,18,337.15,337.0
1992,12,21,336.35,333.9
1992,12,22,334.35,332.6
1992,12,23,332.55,333.0
1992,12,29,332.9,332.5
1992,12,30,332.3,332.9
