year,month,day,Gold Price Fix AM in US dollars per troy ounce,Gold Price Fix PM in US dollars per troy ounce
1993,1,4,329.4,328.25
1993,1,5,328.8,328.6
1993,1,6,328.85,329.6
1993,1,7,329.7,329.15
1993,1,8,329.1,329.1
1993,1,11,328.4,328.4
1993,1,12,328.5,329.2
1993,1,13,327.85,327.55
1993,1,14,328.2,327.65
1993,1,15,327.45,327.7
1993,1,18,327.9,328.15
1993,1,19,329.05,329.0
1993,1,20,328.65,329.0
1993,1,21,329.85,329.75
1993,1,22,329.4,328.75
1993,1,25,328.6,328.45
1993,1,26,329.1,330.9
1993,1,27,330.6,330.6
1993,1,28,329.7,329.95
1993,1,29,330.75,330.45
1993,2,1,329.5,329.75
1993,2,2,329.35,329.65
1993,2,3,329.6,328.2
1993,2,4,328.15,328.0
1993,2,5,327.8,327.75
1993,2,8,327.6,327.95
1993,2,9,327.75,328.05
1993,2,10,328.7,329.85
1993,2,11,331.65,332.0
1993,2,12,330.0,329.2
1993,2,15,328.35,328.6
1993,2,16,329.2,329.45
1993,2,17,331.5,330.6
1993,2,18,329.0,329.95
1993,2,19,331.1,330.8
1993,2,22,328.9,329.7
1993,2,23,329.2,329.6
1993,2,24,330.35,329.9
1993,2,25,329.75,329.6
1993,2,26,328.75,327.6
1993,3,1,328.4,328.5
1993,3,2,328.9,329.15
1993,3,3,329.55,329.55
1993,3,4,328.5,328.05
1993,3,5,329.7,329.75
1993,3,8,328.7,327.5
1993,3,9,327.2,326.95
1993,3,10,326.5,326.1
1993,3,11,326.65,326.9
1993,3,12,326.5,327.0
1993,3,15,327.9,328.0
1993,3,16,329.0,329.0
1993,3,17,328.65,328.75
1993,3,18,329.5,330.25
1993,3,19,331.3,331.65
1993,3,22,332.2,332.6
1993,3,23,331.9,331.9
1993,3,24,331.3,331.0
1993,3,25,332.65,332.6
1993,3,26,332.7,332.7
1993,3,29,331.6,331.7
1993,3,30,333.2,334.4
1993,3,31,336.9,337.8
1993,4,1,337.0,336.35
1993,4,2,339.4,340.1
1993,4,5,339.35,339.25
1993,4,6,338.45,338.4
1993,4,7,337.15,336.75
1993,4,8,337.85,337.5
1993,4,13,336.95,336.7
1993,4,14,337.55,338.25
1993,4,15,339.2,338.9
1993,4,16,337.0,337.85
1993,4,19,340.4,339.6
1993,4,20,341.55,339.9
1993,4,21,339.15,339.0
1993,4,22,337.7,339.3
1993,4,23,340.95,344.9
1993,4,26,348.55,349.25
1993,4,27,352.8,351.4
1993,4,28,349.7,349.7
1993,4,29,354.8,355.6
1993,4,30,353.45,354.3
1993,5,4,353.4,356.15
1993,5,5,352.75,354.25
1993,5,6,356.1,355.5
1993,5,7,357.5,357.5
1993,5,10,356.25,356.8
1993,5,11,355.35,355.35
1993,5,12,356.0,356.2
1993,5,13,367.0,367.0
1993,5,14,366.6,368.2
1993,5,17,367.85,369.25
1993,5,18,366.6,367.8
1993,5,19,378.75,381.9
1993,5,20,376.05,373.8
1993,5,21,374.05,373.25
1993,5,24,380.0,379.25
1993,5,25,374.35,377.5
1993,5,26,377.25,374.5
1993,5,27,377.0,374.75
1993,5,28,381.0,377.45
1993,6,1,378.25,377.35
1993,6,2,368.25,369.0
1993,6,3,370.4,374.7
1993,6,4,377.5,377.6
1993,6,7,375.45,372.8
1993,6,8,373.75,375.25
1993,6,9,370.65,371.45
1993,6,10,369.6,370.8
1993,6,11,370.2,370.35
1993,6,14,366.3,363.0
1993,6,15,365.0,365.35
1993,6,16,370.0,368.0
1993,6,17,369.4,369.45
1993,6,18,370.65,370.9
1993,6,21,369.55,370.55
1993,6,22,369.1,368.8
1993,6,23,367.0,367.1
1993,6,24,374.1,373.9
1993,6,25,374.6,376.1
1993,6,28,378.1,375.35
1993,6,29,375.25,375.35
1993,6,30,379.0,378.45
1993,7,1,377.85,379.0
1993,7,2,390.0,388.1
1993,7,5,387.25,387.6
1993,7,6,388.0,391.65
1993,7,7,397.25,395.8
1993,7,8,398.4,395.2
1993,7,9,389.4,393.1
1993,7,12,394.4,393.4
1993,7,13,390.4,392.45
1993,7,14,395.7,394.4
1993,7,15,391.8,392.7
1993,7,16,393.65,392.0
1993,7,19,392.8,394.8
1993,7,20,391.5,392.1
1993,7,21,391.6,392.4
1993,7,22,389.0,389.15
1993,7,23,392.6,391.3
1993,7,26,389.75,391.75
1993,7,27,393.6,392.35
1993,7,28,391.8,393.15
1993,7,29,394.3,394.0
1993,7,30,403.7,401.75
1993,8,2,406.7,405.6
1993,8,3,404.95,403.75
1993,8,4,400.65,402.65
1993,8,5,396.45,387.75
1993,8,6,381.9,379.4
1993,8,9,382.5,381.7
1993,8,10,382.2,380.35
1993,8,11,381.35,376.0
1993,8,12,375.35,376.3
1993,8,13,370.45,367.6
1993,8,16,373.5,372.6
1993,8,17,372.5,371.6
1993,8,18,372.85,373.7
1993,8,19,373.65,373.4
1993,8,20,370.35,373.25
1993,8,23,373.6,373.1
1993,8,24,372.75,373.65
1993,8,25,371.75,371.15
1993,8,26,371.6,371.25
1993,8,27,370.05,369.25
1993,8,31,370.6,371.55
1993,9,1,371.8,369.05
1993,9,2,369.2,369.25
1993,9,3,363.7,362.8
1993,9,6,364.2,364.25
1993,9,7,362.95,354.8
1993,9,8,352.25,351.75
1993,9,9,351.35,353.3
1993,9,10,356.0,351.5
1993,9,13,348.25,344.2
1993,9,14,342.05,343.7
1993,9,15,345.25,348.0
1993,9,16,350.4,352.75
1993,9,17,352.3,351.85
1993,9,20,353.5,354.0
1993,9,21,354.3,354.75
1993,9,22,355.0,354.4
1993,9,23,353.75,357.0
1993,9,24,357.4,357.6
1993,9,27,357.25,356.65
1993,9,28,354.25,355.75
1993,9,29,354.55,353.2
1993,9,30,352.65,355.5
1993,10,1,353.9,354.0
1993,10,4,355.5,351.75
1993,10,5,353.95,353.8
1993,10,6,353.5,356.25
1993,10,7,356.9,357.3
1993,10,8,357.85,358.5
1993,10,11,360.55,361.4
1993,10,12,359.6,360.6
1993,10,13,366.6,366.4
1993,10,14,365.9,367.25
1993,10,15,365.35,364.6
1993,10,18,365.0,365.2
1993,10,19,368.85,366.4
1993,10,20,371.6,372.5
1993,10,21,371.55,374.5
1993,10,22,370.65,367.9
1993,10,25,371.5,371.5
1993,10,26,368.5,368.25
1993,10,27,368.65,371.5
1993,10,28,369.1,368.55
1993,10,29,369.1,369.6
1993,11,1,367.95,363.25
1993,11,2,362.5,363.0
1993,11,3,363.0,363.55
1993,11,4,369.1,372.0
1993,11,5,374.4,377.75
1993,11,8,377.9,375.65
1993,11,9,376.35,376.0
1993,11,10,375.5,374.9
1993,11,11,377.15,376.75
1993,11,12,376.75,376.75
1993,11,15,373.9,374.7
1993,11,16,375.25,375.0
1993,11,17,373.7,371.8
1993,11,18,374.25,376.75
1993,11,19,375.75,377.5
1993,11,22,378.15,378.4
1993,11,23,378.05,377.6
1993,11,24,376.1,376.35
1993,11,25,377.1,377.6
1993,11,26,376.3,376.85
1993,11,29,376.7,371.15
1993,11,30,370.8,370.9
1993,12,1,370.1,373.1
1993,12,2,374.5,374.65
1993,12,3,372.75,376.75
1993,12,6,376.15,377.0
1993,12,7,374.35,376.9
1993,12,8,377.15,382.3
1993,12,9,382.5,382.5
1993,12,10,382.3,382.3
1993,12,13,387.55,386.25
1993,12,14,387.6,387.0
1993,12,15,385.9,385.6
1993,12,16,386.5,386.1
1993,12,17,385.8,386.5
1993,12,20,389.75,389.75
1993,12,21,388.65,387.5
1993,12,22,386.4,385.65
1993,12,23,385.75,384.95
1993,12,29,385.65,386.1
1993,12,30,391.5,391.75
