year,month,day,Gold Price Fix AM in US dollars per troy ounce,Gold Price Fix PM in US dollars per troy ounce
1994,1,4,395.0,394.1
1994,1,5,394.0,395.25
1994,1,6,390.6,385.65
1994,1,7,390.7,390.5
1994,1,10,382.2,383.7
1994,1,11,384.35,385.45
1994,1,12,386.8,386.1
1994,1,13,384.75,388.75
1994,1,14,389.5,390.1
1994,1,17,392.6,392.3
1994,1,18,392.5,392.55
1994,1,19,392.7,391.7
1994,1,20,392.4,391.8
1994,1,21,387.85,386.0
1994,1,24,381.5,378.8
1994,1,25,382.9,382.0
1994,1,26,381.0,383.0
1994,1,27,384.5,383.6
1994,1,28,378.15,378.25
1994,1,31,378.2,377.9
1994,2,1,382.1,381.65
1994,2,2,384.95,384.7
1994,2,3,384.0,385.65
1994,2,4,387.65,388.5
1994,2,7,383.95,383.5
1994,2,8,380.45,380.55
1994,2,9,380.25,380.75
1994,2,10,382.2,382.5
1994,2,11,381.1,381.85
1994,2,14,381.9,383.25
1994,2,15,384.5,385.0
1994,2,16,383.6,383.5
1994,2,17,384.75,384.5
1994,2,18,382.05,379.95
1994,2,21,379.75,380.0
1994,2,22,378.1,379.4
1994,2,23,377.5,375.75
1994,2,24,376.0,376.7
1994,2,25,377.6,378.95
1994,2,28,380.75,381.55
1994,3,1,381.1,381.3
1994,3,2,376.45,376.95
1994,3,3,377.7,377.7
1994,3,4,375.65,375.95
1994,3,7,377.0,377.5
1994,3,8,375.45,376.1
1994,3,9,376.25,375.3
1994,3,10,379.05,380.5
1994,3,11,387.1,386.65
1994,3,14,386.3,386.5
1994,3,15,386.25,387.1
1994,3,16,385.3,385.5
1994,3,17,383.0,383.4
1994,3,18,385.9,386.55
1994,3,21,386.8,386.45
1994,3,22,386.95,389.15
1994,3,23,388.4,388.25
1994,3,24,390.3,390.4
1994,3,25,391.8,391.3
1994,3,28,390.9,389.25
1994,3,29,387.9,386.8
1994,3,30,386.75,387.15
1994,3,31,389.7,389.2
1994,4,5,387.4,384.75
1994,4,6,385.1,383.9
1994,4,7,384.95,384.3
1994,4,8,384.85,385.45
1994,4,11,384.9,381.75
1994,4,12,378.4,378.0
1994,4,13,379.2,378.5
1994,4,14,378.55,377.65
1994,4,15,376.2,377.0
1994,4,18,377.35,378.1
1994,4,19,375.95,373.1
1994,4,20,372.4,371.35
1994,4,21,373.75,373.3
1994,4,22,372.85,369.65
1994,4,25,370.25,373.0
1994,4,26,374.15,374.3
1994,4,27,374.35,374.25
1994,4,28,373.2,373.35
1994,4,29,376.45,376.45
1994,5,3,375.7,375.1
1994,5,4,374.5,375.15
1994,5,5,374.5,374.5
1994,5,6,372.8,373.4
1994,5,9,381.4,381.0
1994,5,10,381.65,380.15
1994,5,11,378.5,380.5
1994,5,12,382.15,379.25
1994,5,13,381.45,381.65
1994,5,16,380.65,379.3
1994,5,17,382.55,382.55
1994,5,18,379.65,379.6
1994,5,19,383.0,383.3
1994,5,20,381.55,383.15
1994,5,23,386.75,386.45
1994,5,24,388.1,388.0
1994,5,25,386.4,387.3
1994,5,26,385.9,384.9
1994,5,27,383.4,385.4
1994,5,31,386.25,387.6
1994,6,1,387.25,386.3
1994,6,2,383.6,383.25
1994,6,3,382.75,382.95
1994,6,6,380.25,378.4
1994,6,7,380.5,380.5
1994,6,8,381.9,381.45
1994,6,9,382.2,382.55
1994,6,10,383.3,383.05
1994,6,13,382.5,382.6
1994,6,14,383.5,383.8
1994,6,15,383.5,384.1
1994,6,16,387.1,386.85
1994,6,17,385.75,387.85
1994,6,20,391.0,389.3
1994,6,21,389.95,390.3
1994,6,22,393.1,392.45
1994,6,23,389.5,389.0
1994,6,24,390.7,389.9
1994,6,27,390.25,389.25
1994,6,28,385.9,386.55
1994,6,29,385.8,385.5
1994,6,30,385.4,388.25
1994,7,1,386.8,384.6
1994,7,4,387.3,386.6
1994,7,5,387.8,387.3
1994,7,6,385.75,385.5
1994,7,7,383.9,383.0
1994,7,8,383.4,383.15
1994,7,11,384.4,385.75
1994,7,12,385.75,386.3
1994,7,13,384.85,384.65
1994,7,14,384.0,384.2
1994,7,15,384.85,384.9
1994,7,18,386.4,386.5
1994,7,19,384.25,384.65
1994,7,20,386.4,387.45
1994,7,21,385.4,385.9
1994,7,22,384.1,384.0
1994,7,25,384.85,385.0
1994,7,26,385.85,386.2
1994,7,27,387.0,388.55
1994,7,28,387.35,387.1
1994,7,29,384.05,384.0
1994,8,1,384.0,383.85
1994,8,2,383.75,380.0
1994,8,3,378.6,378.45
1994,8,4,377.5,377.5
1994,8,5,378.6,378.3
1994,8,8,377.7,377.6
1994,8,9,377.4,378.65
1994,8,10,378.3,378.3
1994,8,11,376.7,377.6
1994,8,12,377.7,378.2
1994,8,15,376.45,376.6
1994,8,16,376.6,376.3
1994,8,17,377.8,377.2
1994,8,18,377.85,380.65
1994,8,19,381.05,381.8
1994,8,22,381.6,382.6
1994,8,23,381.25,381.35
1994,8,24,382.6,383.9
1994,8,25,383.4,383.3
1994,8,26,383.3,383.3
1994,8,30,386.15,386.6
1994,8,31,386.25,385.75
1994,9,1,386.0,386.0
1994,9,2,387.1,386.7
1994,9,5,386.9,386.9
1994,9,6,387.8,387.6
1994,9,7,388.4,389.7
1994,9,8,391.0,391.5
1994,9,9,389.5,390.75
1994,9,12,391.5,391.1
1994,9,13,390.45,389.6
1994,9,14,390.4,390.3
1994,9,15,387.8,388.0
1994,9,16,388.25,390.0
1994,9,19,390.15,389.9
1994,9,20,392.25,393.9
1994,9,21,394.8,394.9
1994,9,22,393.95,393.7
1994,9,23,396.5,395.7
1994,9,26,395.4,395.8
1994,9,27,394.15,395.8
1994,9,28,397.5,396.25
1994,9,29,394.5,395.7
1994,9,30,395.35,394.85
1994,10,3,393.45,393.15
1994,10,4,394.1,392.45
1994,10,5,392.15,393.7
1994,10,6,391.9,392.0
1994,10,7,392.85,392.0
1994,10,10,391.95,391.2
1994,10,11,389.45,387.65
1994,10,12,388.2,387.9
1994,10,13,388.85,387.25
1994,10,14,387.1,387.45
1994,10,17,388.95,389.0
1994,10,18,390.0,389.75
1994,10,19,389.0,391.1
1994,10,20,390.55,391.55
1994,10,21,391.65,390.95
1994,10,24,389.2,389.3
1994,10,25,389.6,389.2
1994,10,26,388.8,388.9
1994,10,27,389.9,389.15
1994,10,28,388.4,387.7
1994,10,31,387.4,383.85
1994,11,1,383.45,384.5
1994,11,2,383.85,383.85
1994,11,3,383.9,383.8
1994,11,4,383.9,383.8
1994,11,7,383.2,382.7
1994,11,8,383.1,384.65
1994,11,9,384.35,383.6
1994,11,10,384.3,384.2
1994,11,11,385.25,385.3
1994,11,14,384.9,385.1
1994,11,15,386.45,386.7
1994,11,16,385.5,386.25
1994,11,17,386.4,386.75
1994,11,18,385.25,384.0
1994,11,21,383.6,383.4
1994,11,22,383.7,383.8
1994,11,23,384.5,384.7
1994,11,24,384.4,384.3
1994,11,25,384.55,384.85
1994,11,28,384.7,384.0
1994,11,29,383.7,383.2
1994,11,30,383.35,383.1
1994,12,1,381.2,380.1
1994,12,2,378.95,379.0
1994,12,5,377.3,376.6
1994,12,6,376.55,375.75
1994,12,7,377.0,377.0
1994,12,8,376.45,376.2
1994,12,9,376.1,376.5
1994,12,12,376.85,377.15
1994,12,13,378.7,379.1
1994,12,14,378.35,380.5
1994,12,15,380.1,379.2
1994,12,16,379.7,380.35
1994,12,19,379.0,379.2
1994,12,20,380.6,381.9
1994,12,21,382.5,382.05
1994,12,22,381.5,381.55
1994,12,28,381.8,381.75
1994,12,29,383.15,383.25
