year,month,day,Gold Price Fix AM in US dollars per troy ounce,Gold Price Fix PM in US dollars per troy ounce
1995,1,3,381.4,380.9
1995,1,4,378.25,375.6
1995,1,5,375.0,375.3
1995,1,6,375.9,375.2
1995,1,9,372.45,372.4
1995,1,10,374.1,374.1
1995,1,11,375.0,375.6
1995,1,12,377.6,380.5
1995,1,13,379.8,378.6
1995,1,16,377.45,377.55
1995,1,17,377.9,379.8
1995,1,18,382.0,382.6
1995,1,19,383.1,381.9
1995,1,20,383.0,383.85
1995,1,23,385.1,382.35
1995,1,24,381.5,381.3
1995,1,25,381.7,381.45
1995,1,26,380.5,381.35
1995,1,27,380.0,378.4
1995,1,30,375.9,375.9
1995,1,31,375.85,374.9
1995,2,1,376.25,376.25
1995,2,2,375.25,375.9
1995,2,3,376.35,375.65
1995,2,6,375.25,374.5
1995,2,7,375.2,374.5
1995,2,8,374.8,374.6
1995,2,9,375.85,376.6
1995,2,10,376.4,376.4
1995,2,13,375.6,374.5
1995,2,14,376.0,376.0
1995,2,15,376.9,376.6
1995,2,16,376.1,376.75
1995,2,17,376.55,378.25
1995,2,20,379.3,379.2
1995,2,21,379.0,378.65
1995,2,22,379.0,379.2
1995,2,23,379.0,379.5
1995,2,24,379.6,377.75
1995,2,27,376.8,375.6
1995,2,28,375.7,376.4
1995,3,1,376.3,375.7
1995,3,2,374.45,374.75
1995,3,3,376.35,377.25
1995,3,6,376.6,378.85
1995,3,7,379.0,382.0
1995,3,8,383.1,380.0
1995,3,9,381.0,380.9
1995,3,10,383.5,381.4
1995,3,13,382.75,385.5
1995,3,14,385.2,384.7
1995,3,15,386.6,386.15
1995,3,16,385.15,383.7
1995,3,17,382.75,382.65
1995,3,20,382.45,382.2
1995,3,21,382.6,382.9
1995,3,22,381.4,382.25
1995,3,23,383.1,383.45
1995,3,24,383.25,382.1
1995,3,27,382.3,382.2
1995,3,28,382.35,381.7
1995,3,29,383.0,383.0
1995,3,30,382.1,383.4
1995,3,31,386.55,392.0
1995,4,3,392.25,392.3
1995,4,4,391.95,391.7
1995,4,5,392.5,392.05
1995,4,6,393.75,393.4
1995,4,7,392.0,393.1
1995,4,10,390.9,389.3
1995,4,11,389.1,390.0
1995,4,12,389.8,390.05
1995,4,13,389.9,389.2
1995,4,18,394.1,392.85
1995,4,19,396.95,395.55
1995,4,20,393.35,393.3
1995,4,21,390.35,390.35
1995,4,24,391.05,390.65
1995,4,25,390.2,389.75
1995,4,26,389.85,388.9
1995,4,27,386.6,386.35
1995,4,28,389.5,389.75
1995,5,1,386.5,387.2
1995,5,2,388.35,388.55
1995,5,3,388.8,388.7
1995,5,4,390.3,390.1
1995,5,5,391.35,391.0
1995,5,9,389.9,388.1
1995,5,10,383.4,383.2
1995,5,11,383.1,383.65
1995,5,12,384.1,384.6
1995,5,15,383.9,383.75
1995,5,16,384.1,383.85
1995,5,17,383.4,382.9
1995,5,18,383.05,383.0
1995,5,19,382.6,383.0
1995,5,22,382.35,381.55
1995,5,23,381.85,382.0
1995,5,24,382.9,383.1
1995,5,25,383.75,385.8
1995,5,26,385.8,385.5
1995,5,30,386.1,385.75
1995,5,31,384.25,384.3
1995,6,1,383.2,383.5
1995,6,2,384.6,384.15
1995,6,5,383.4,383.25
1995,6,6,384.2,384.2
1995,6,7,384.65,385.9
1995,6,8,385.95,385.05
1995,6,9,386.4,386.4
1995,6,12,387.6,387.5
1995,6,13,387.5,387.0
1995,6,14,386.8,387.75
1995,6,15,388.0,388.5
1995,6,16,391.3,391.3
1995,6,19,390.5,390.5
1995,6,20,390.6,390.75
1995,6,21,390.7,390.7
1995,6,22,389.8,389.65
1995,6,23,389.4,389.2
1995,6,26,389.3,389.0
1995,6,27,389.35,389.4
1995,6,28,389.3,388.25
1995,6,29,387.45,387.3
1995,6,30,387.6,387.05
1995,7,3,384.35,384.5
1995,7,4,384.65,384.75
1995,7,5,384.6,384.25
1995,7,6,384.45,384.15
1995,7,7,384.8,385.75
1995,7,10,385.75,385.8
1995,7,11,384.95,384.75
1995,7,12,385.85,386.7
1995,7,13,389.3,389.2
1995,7,14,388.2,388.4
1995,7,17,388.2,388.4
1995,7,18,389.3,389.6
1995,7,19,389.25,390.45
1995,7,20,387.85,386.85
1995,7,21,385.85,385.95
1995,7,24,386.45,386.65
1995,7,25,386.65,386.7
1995,7,26,385.8,386.0
1995,7,27,386.1,385.7
1995,7,28,383.2,383.0
1995,7,31,383.35,383.35
1995,8,1,381.75,382.85
1995,8,2,382.65,382.65
1995,8,3,382.75,384.0
1995,8,4,384.35,384.0
1995,8,7,383.75,384.1
1995,8,8,384.35,384.5
1995,8,9,384.5,384.4
1995,8,10,384.05,384.05
1995,8,11,383.9,383.55
1995,8,14,383.5,383.5
1995,8,15,384.5,386.35
1995,8,16,384.1,382.0
1995,8,17,383.0,384.35
1995,8,18,384.85,384.5
1995,8,21,385.55,384.7
1995,8,22,383.55,384.05
1995,8,23,383.45,382.75
1995,8,24,383.1,384.0
1995,8,25,382.6,383.1
1995,8,29,383.25,383.0
1995,8,30,381.9,381.65
1995,8,31,381.65,382.35
1995,9,1,381.8,381.5
1995,9,4,379.85,379.7
1995,9,5,379.4,379.4
1995,9,6,379.0,380.05
1995,9,7,380.55,381.45
1995,9,8,383.05,382.4
1995,9,11,381.9,382.1
1995,9,12,382.9,383.1
1995,9,13,385.4,384.9
1995,9,14,384.7,385.1
1995,9,15,385.25,385.0
1995,9,18,384.95,385.4
1995,9,19,385.65,384.85
1995,9,20,385.0,384.5
1995,9,21,382.95,383.4
1995,9,22,383.25,383.5
1995,9,25,382.2,382.75
1995,9,26,383.25,383.8
1995,9,27,383.2,383.75
1995,9,28,383.55,383.5
1995,9,29,383.75,384.0
1995,10,2,383.1,383.25
1995,10,3,382.25,382.2
1995,10,4,382.6,382.5
1995,10,5,383.35,383.25
1995,10,6,382.5,383.05
1995,10,9,384.65,384.5
1995,10,10,384.7,385.1
1995,10,11,384.7,384.5
1995,10,12,384.6,384.45
1995,10,13,384.0,383.8
1995,10,16,384.0,383.85
1995,10,17,383.8,383.4
1995,10,18,383.75,383.65
1995,10,19,383.4,381.75
1995,10,20,381.85,381.75
1995,10,23,382.55,382.55
1995,10,24,382.55,382.5
1995,10,25,382.4,382.65
1995,10,26,382.7,382.9
1995,10,27,382.55,382.6
1995,10,30,382.05,382.15
1995,10,31,382.4,382.65
1995,11,1,382.5,381.95
1995,11,2,382.2,382.05
1995,11,3,382.8,382.55
1995,11,6,382.5,382.2
1995,11,7,382.3,384.8
1995,11,8,384.7,384.8
1995,11,9,384.4,385.0
1995,11,10,386.65,389.4
1995,11,13,389.6,388.3
1995,11,14,386.1,385.85
1995,11,15,385.6,385.3
1995,11,16,384.65,385.2
1995,11,17,386.6,386.35
1995,11,20,386.55,386.3
1995,11,21,386.8,386.3
1995,11,22,385.3,384.35
1995,11,23,382.55,382.8
1995,11,24,383.5,383.45
1995,11,27,385.2,384.6
1995,11,28,387.3,388.9
1995,11,29,388.95,388.5
1995,11,30,387.85,387.8
1995,12,1,387.15,386.2
1995,12,4,386.25,385.9
1995,12,5,386.3,386.55
1995,12,6,387.6,388.4
1995,12,7,388.4,387.8
1995,12,8,389.35,388.8
1995,12,11,389.7,389.6
1995,12,12,388.45,388.8
1995,12,13,388.1,387.6
1995,12,14,385.7,385.7
1995,12,15,385.85,386.2
1995,12,18,387.0,387.2
1995,12,19,388.0,388.1
1995,12,20,387.1,387.6
1995,12,21,388.4,388.05
1995,12,27,387.35,387.05
1995,12,28,386.85,387.0
