year,month,day,Gold Price Fix AM in US dollars per troy ounce,Gold Price Fix PM in US dollars per troy ounce
1996,1,2,387.1,389.15
1996,1,3,390.5,393.4
1996,1,4,393.6,394.25
1996,1,5,396.4,395.9
1996,1,8,396.0,396.6
1996,1,9,395.65,394.55
1996,1,10,396.75,400.0
1996,1,11,399.4,399.0
1996,1,12,396.35,399.6
1996,1,15,395.0,395.55
1996,1,16,397.8,397.6
1996,1,17,398.9,397.7
1996,1,18,397.5,397.5
1996,1,19,396.8,399.1
1996,1,22,401.8,402.2
1996,1,23,402.65,403.65
1996,1,24,403.0,402.5
1996,1,25,403.35,406.6
1996,1,26,407.4,406.5
1996,1,29,405.45,404.5
1996,1,30,406.7,406.55
1996,1,31,403.2,405.55
1996,2,1,406.6,409.1
1996,2,2,416.25,414.5
1996,2,5,415.25,414.8
1996,2,6,412.2,412.3
1996,2,7,414.75,414.2
1996,2,8,406.95,407.9
1996,2,9,408.3,408.0
1996,2,12,405.25,404.5
1996,2,13,403.0,403.2
1996,2,14,403.9,403.1
1996,2,15,404.55,404.6
1996,2,16,403.05,404.85
1996,2,19,405.9,405.35
1996,2,20,405.4,402.2
1996,2,21,398.5,396.8
1996,2,22,399.35,399.65
1996,2,23,397.75,398.25
1996,2,26,399.55,399.0
1996,2,27,398.75,399.5
1996,2,28,397.7,397.55
1996,2,29,400.35,400.65
1996,3,1,400.3,398.35
1996,3,4,398.65,393.7
1996,3,5,392.9,393.6
1996,3,6,393.6,393.6
1996,3,7,394.2,393.9
1996,3,8,394.85,396.8
1996,3,11,396.6,395.75
1996,3,12,396.0,396.25
1996,3,13,397.4,396.5
1996,3,14,396.1,395.5
1996,3,15,395.6,395.7
1996,3,18,395.45,394.0
1996,3,19,395.05,395.1
1996,3,20,394.7,394.9
1996,3,21,395.3,395.8
1996,3,22,397.3,397.7
1996,3,25,398.0,397.9
1996,3,26,399.45,399.9
1996,3,27,400.0,400.35
1996,3,28,398.6,398.7
1996,3,29,396.7,396.35
1996,4,1,395.0,394.2
1996,4,2,394.35,394.35
1996,4,3,393.8,394.65
1996,4,4,394.3,393.75
1996,4,9,397.6,396.3
1996,4,10,394.55,394.55
1996,4,11,395.15,394.3
1996,4,12,395.2,394.75
1996,4,15,393.75,393.2
1996,4,16,393.5,393.5
1996,4,17,391.4,391.1
1996,4,18,391.3,390.5
1996,4,19,389.9,390.9
1996,4,22,390.7,391.0
1996,4,23,391.45,391.75
1996,4,24,391.1,390.8
1996,4,25,390.35,393.3
1996,4,26,393.1,391.9
1996,4,29,390.75,390.85
1996,4,30,390.15,391.3
1996,5,1,391.0,392.3
1996,5,2,392.8,392.4
1996,5,3,394.0,394.0
1996,5,7,393.75,393.7
1996,5,8,393.65,394.8
1996,5,9,393.2,392.7
1996,5,10,392.8,393.2
1996,5,13,391.25,391.0
1996,5,14,391.25,390.7
1996,5,15,391.85,392.2
1996,5,16,392.0,391.9
1996,5,17,392.5,391.95
1996,5,20,391.65,390.85
1996,5,21,391.2,391.0
1996,5,22,391.0,390.8
1996,5,23,391.35,391.4
1996,5,24,390.65,390.85
1996,5,28,392.15,392.0
1996,5,29,391.65,391.0
1996,5,30,391.55,391.3
1996,5,31,390.55,390.55
1996,6,3,390.8,390.7
1996,6,4,390.35,389.7
1996,6,5,387.95,387.65
1996,6,6,385.7,384.85
1996,6,7,385.85,386.6
1996,6,10,385.55,385.65
1996,6,11,385.4,384.9
1996,6,12,384.5,384.8
1996,6,13,384.8,384.7
1996,6,14,383.2,384.1
1996,6,17,384.55,385.0
1996,6,18,384.9,384.85
1996,6,19,386.0,386.3
1996,6,20,384.3,384.4
1996,6,21,384.2,383.2
1996,6,24,383.7,384.2
1996,6,25,384.85,385.1
1996,6,26,384.0,383.8
1996,6,27,383.0,382.95
1996,6,28,381.3,382.0
1996,7,1,380.6,381.55
1996,7,2,381.75,381.95
1996,7,3,382.5,381.95
1996,7,4,380.9,381.0
1996,7,5,381.0,381.5
1996,7,8,382.3,381.9
1996,7,9,381.0,382.9
1996,7,10,383.4,383.0
1996,7,11,382.5,382.7
1996,7,12,384.0,383.6
1996,7,15,383.55,382.75
1996,7,16,384.65,384.25
1996,7,17,383.65,383.4
1996,7,18,383.85,384.0
1996,7,19,384.35,384.5
1996,7,22,384.5,384.85
1996,7,23,385.2,385.1
1996,7,24,384.4,384.4
1996,7,25,385.05,384.8
1996,7,26,384.9,385.2
1996,7,29,385.05,384.5
1996,7,30,384.9,384.8
1996,7,31,385.5,385.3
1996,8,1,386.65,386.25
1996,8,2,387.15,386.35
1996,8,5,387.95,389.75
1996,8,6,388.85,388.5
1996,8,7,388.25,388.0
1996,8,8,387.75,387.6
1996,8,9,388.4,387.5
1996,8,12,387.2,387.15
1996,8,13,387.7,387.6
1996,8,14,387.15,386.7
1996,8,15,386.3,386.2
1996,8,16,386.2,386.2
1996,8,19,386.25,386.4
1996,8,20,387.1,387.1
1996,8,21,387.45,386.8
1996,8,22,386.9,387.0
1996,8,23,387.5,387.5
1996,8,27,389.0,388.8
1996,8,28,388.65,388.5
1996,8,29,388.05,388.0
1996,8,30,387.25,386.45
1996,9,2,386.9,386.55
1996,9,3,387.2,386.6
1996,9,4,385.95,385.6
1996,9,5,386.0,386.0
1996,9,6,385.6,385.4
1996,9,9,385.0,384.6
1996,9,10,382.45,383.1
1996,9,11,383.15,383.5
1996,9,12,382.2,382.1
1996,9,13,382.5,382.8
1996,9,16,382.65,382.8
1996,9,17,383.3,383.45
1996,9,18,382.9,383.0
1996,9,19,383.1,382.75
1996,9,20,382.5,381.75
1996,9,23,381.2,381.0
1996,9,24,381.6,382.3
1996,9,25,383.25,382.4
1996,9,26,382.05,380.45
1996,9,27,380.3,380.7
1996,9,30,379.3,379.0
1996,10,1,377.05,378.65
1996,10,2,379.2,380.3
1996,10,3,379.5,378.85
1996,10,4,380.2,380.7
1996,10,7,379.6,380.1
1996,10,8,381.0,380.85
1996,10,9,380.9,381.35
1996,10,10,381.6,381.75
1996,10,11,381.85,380.75
1996,10,14,381.05,380.9
1996,10,15,381.0,381.0
1996,10,16,380.8,381.5
1996,10,17,380.55,380.6
1996,10,18,379.6,380.0
1996,10,21,380.0,381.0
1996,10,22,382.4,383.35
1996,10,23,383.95,383.5
1996,10,24,383.7,383.0
1996,10,25,382.2,382.55
1996,10,28,382.8,382.9
1996,10,29,382.35,381.7
1996,10,30,380.3,379.7
1996,10,31,379.3,379.5
1996,11,1,377.2,377.6
1996,11,4,378.65,378.7
1996,11,5,379.25,379.3
1996,11,6,377.9,378.0
1996,11,7,377.9,378.6
1996,11,8,378.35,378.15
1996,11,11,379.75,380.5
1996,11,12,381.6,381.9
1996,11,13,382.5,383.6
1996,11,14,382.65,383.0
1996,11,15,379.85,379.25
1996,11,18,379.7,379.1
1996,11,19,378.3,378.2
1996,11,20,378.6,379.1
1996,11,21,378.5,377.0
1996,11,22,376.9,377.0
1996,11,25,375.1,375.4
1996,11,26,374.5,373.5
1996,11,27,373.95,373.0
1996,11,28,372.2,372.65
1996,11,29,371.9,371.3
1996,12,2,370.5,370.75
1996,12,3,369.0,367.4
1996,12,4,370.4,370.9
1996,12,5,368.3,369.0
1996,12,6,373.0,370.25
1996,12,9,368.5,369.0
1996,12,10,368.8,368.25
1996,12,11,369.6,368.25
1996,12,12,368.6,368.6
1996,12,13,369.05,369.0
1996,12,16,368.6,368.25
1996,12,17,368.3,368.2
1996,12,18,369.0,368.7
1996,12,19,369.6,369.0
1996,12,20,369.2,369.0
1996,12,23,368.7,368.75
1996,12,27,369.55,369.4
1996,12,30,369.6,369.25
