year,month,day,Gold Price Fix AM in US dollars per troy ounce,Gold Price Fix PM in US dollars per troy ounce
1997,1,2,367.8,366.55
1997,1,3,364.3,364.0
1997,1,6,359.25,358.5
1997,1,7,357.65,359.0
1997,1,8,355.8,356.6
1997,1,9,354.5,356.5
1997,1,10,358.55,358.25
1997,1,13,359.6,359.6
1997,1,14,357.3,357.4
1997,1,15,352.45,354.45
1997,1,16,354.0,353.05
1997,1,17,354.1,355.75
1997,1,20,354.2,353.1
1997,1,21,353.4,354.7
1997,1,22,350.1,351.2
1997,1,23,349.8,348.0
1997,1,24,352.95,352.5
1997,1,27,353.1,353.6
1997,1,28,357.25,353.7
1997,1,29,350.15,351.1
1997,1,30,349.3,349.25
1997,1,31,345.0,345.5
1997,2,3,343.75,344.3
1997,2,4,346.3,345.7
1997,2,5,343.15,343.4
1997,2,6,343.4,342.8
1997,2,7,340.9,339.75
1997,2,10,341.0,340.4
1997,2,11,338.85,339.4
1997,2,12,336.9,337.7
1997,2,13,343.0,342.65
1997,2,14,342.5,342.4
1997,2,17,343.6,344.1
1997,2,18,346.0,345.0
1997,2,19,346.1,346.25
1997,2,20,344.85,345.0
1997,2,21,350.75,353.3
1997,2,24,352.45,353.05
1997,2,25,353.45,353.1
1997,2,26,353.85,354.75
1997,2,27,356.6,360.0
1997,2,28,360.6,358.6
1997,3,3,361.8,362.15
1997,3,4,361.75,359.4
1997,3,5,355.75,354.5
1997,3,6,352.15,353.1
1997,3,7,351.7,350.3
1997,3,10,349.9,350.25
1997,3,11,352.6,351.95
1997,3,12,353.15,351.4
1997,3,13,351.45,352.9
1997,3,14,353.0,352.8
1997,3,17,352.05,351.4
1997,3,18,347.4,346.3
1997,3,19,348.95,349.1
1997,3,20,352.7,352.0
1997,3,21,351.7,352.8
1997,3,24,350.65,350.2
1997,3,25,350.9,349.6
1997,3,26,346.8,346.05
1997,3,27,349.5,348.15
1997,4,1,349.85,350.0
1997,4,2,350.7,351.05
1997,4,3,349.1,348.75
1997,4,4,347.35,347.4
1997,4,7,347.85,349.0
1997,4,8,349.1,349.1
1997,4,9,348.0,347.8
1997,4,10,348.05,347.6
1997,4,11,348.65,347.95
1997,4,14,346.65,346.75
1997,4,15,345.6,343.0
1997,4,16,341.45,339.9
1997,4,17,341.2,340.4
1997,4,18,342.0,342.1
1997,4,21,342.15,342.25
1997,4,22,342.0,341.6
1997,4,23,340.7,341.0
1997,4,24,341.15,340.9
1997,4,25,341.35,342.25
1997,4,28,341.25,340.2
1997,4,29,338.95,339.25
1997,4,30,340.45,340.15
1997,5,1,339.55,339.25
1997,5,2,339.8,339.65
1997,5,6,342.8,342.45
1997,5,7,340.65,341.1
1997,5,8,342.4,343.75
1997,5,9,344.8,345.85
1997,5,12,348.2,348.2
1997,5,13,347.3,348.9
1997,5,14,349.0,349.1
1997,5,15,348.1,346.4
1997,5,16,347.0,344.5
1997,5,19,343.35,340.7
1997,5,20,342.5,343.0
1997,5,21,342.25,342.7
1997,5,22,342.95,342.75
1997,5,23,341.65,342.55
1997,5,27,343.55,343.65
1997,5,28,344.7,342.8
1997,5,29,345.7,343.9
1997,5,30,345.75,345.6
1997,6,2,344.0,343.9
1997,6,3,343.8,343.55
1997,6,4,342.4,341.75
1997,6,5,340.7,340.8
1997,6,6,343.8,344.0
1997,6,9,343.85,344.25
1997,6,10,344.0,343.75
1997,6,11,343.7,343.8
1997,6,12,341.8,342.2
1997,6,13,341.2,341.4
1997,6,16,340.95,341.5
1997,6,17,341.4,342.15
1997,6,18,342.05,341.6
1997,6,19,340.15,340.2
1997,6,20,339.55,338.2
1997,6,23,336.95,338.0
1997,6,24,338.65,338.35
1997,6,25,338.7,338.45
1997,6,26,337.9,336.95
1997,6,27,337.3,336.55
1997,6,30,334.05,334.55
1997,7,1,333.6,333.7
1997,7,2,331.45,332.15
1997,7,3,332.3,332.55
1997,7,4,325.2,324.45
1997,7,7,318.75,318.0
1997,7,8,317.6,320.8
1997,7,9,315.75,317.3
1997,7,10,319.65,319.8
1997,7,11,320.6,319.5
1997,7,14,321.35,321.7
1997,7,15,319.0,319.75
1997,7,16,319.5,319.5
1997,7,17,318.75,319.4
1997,7,18,323.45,324.2
1997,7,21,328.05,326.2
1997,7,22,326.0,328.25
1997,7,23,324.35,324.9
1997,7,24,321.8,321.95
1997,7,25,324.5,324.1
1997,7,28,325.4,325.75
1997,7,29,327.5,326.55
1997,7,30,326.4,327.55
1997,7,31,326.0,326.35
1997,8,1,325.3,324.1
1997,8,4,324.05,323.55
1997,8,5,323.35,321.1
1997,8,6,318.85,319.35
1997,8,7,318.95,321.0
1997,8,8,321.6,323.7
1997,8,11,326.2,327.7
1997,8,12,327.6,326.15
1997,8,13,328.6,326.2
1997,8,14,327.3,326.15
1997,8,15,323.5,324.65
1997,8,18,326.05,322.6
1997,8,19,322.1,323.45
1997,8,20,322.0,322.05
1997,8,21,321.9,323.0
1997,8,22,321.8,324.0
1997,8,26,325.4,325.5
1997,8,27,325.3,324.75
1997,8,28,324.7,325.85
1997,8,29,325.4,325.35
1997,9,1,324.4,324.5
1997,9,2,324.5,322.4
1997,9,3,322.0,321.7
1997,9,4,321.8,321.7
1997,9,5,321.6,321.25
1997,9,8,322.05,321.5
1997,9,9,321.0,321.7
1997,9,10,321.0,320.8
1997,9,11,321.05,321.65
1997,9,12,323.25,323.35
1997,9,15,323.15,322.3
1997,9,16,321.8,321.0
1997,9,17,319.95,320.45
1997,9,18,320.65,320.85
1997,9,19,321.15,322.05
1997,9,22,321.1,320.85
1997,9,23,320.7,320.9
1997,9,24,322.0,322.7
1997,9,25,323.15,324.6
1997,9,26,325.45,326.65
1997,9,29,327.05,327.1
1997,9,30,328.75,332.1
1997,10,1,336.8,337.15
1997,10,2,331.75,333.35
1997,10,3,331.1,331.7
1997,10,6,334.15,332.5
1997,10,7,331.5,331.95
1997,10,8,331.9,332.6
1997,10,9,333.75,333.4
1997,10,10,327.9,328.9
1997,10,13,328.8,328.2
1997,10,14,328.1,327.75
1997,10,15,325.6,326.5
1997,10,16,327.3,327.35
1997,10,17,324.2,324.3
1997,10,20,324.25,323.9
1997,10,21,323.0,323.3
1997,10,22,322.7,322.45
1997,10,23,323.3,324.3
1997,10,24,321.9,316.65
1997,10,27,311.8,311.8
1997,10,28,313.75,312.35
1997,10,29,313.7,313.5
1997,10,30,314.0,316.75
1997,10,31,310.4,311.4
1997,11,3,313.5,313.8
1997,11,4,313.3,315.35
1997,11,5,314.6,313.5
1997,11,6,312.25,312.05
1997,11,7,313.25,308.7
1997,11,10,309.7,310.75
1997,11,11,310.6,312.65
1997,11,12,310.1,308.15
1997,11,13,308.35,308.15
1997,11,14,304.5,301.75
1997,11,17,303.0,303.75
1997,11,18,303.65,304.1
1997,11,19,306.4,305.95
1997,11,20,303.05,302.7
1997,11,21,303.4,303.9
1997,11,24,305.5,305.0
1997,11,25,301.7,300.7
1997,11,26,297.0,297.0
1997,11,27,296.15,296.0
1997,11,28,296.9,296.8
1997,12,1,293.35,294.35
1997,12,2,293.5,295.1
1997,12,3,291.1,293.0
1997,12,4,289.85,289.35
1997,12,5,287.05,287.4
1997,12,8,288.1,287.5
1997,12,9,285.5,283.25
1997,12,10,285.05,286.3
1997,12,11,286.15,284.8
1997,12,12,283.05,283.0
1997,12,15,283.2,283.6
1997,12,16,283.25,285.5
1997,12,17,286.1,287.85
1997,12,18,287.05,290.0
1997,12,19,289.25,288.9
1997,12,22,290.45,290.45
1997,12,23,292.2,292.5
1997,12,29,293.9,293.05
1997,12,30,290.9,290.2
1997,12,31,289.2,369.25
