year,month,day,Gold Price Fix AM in US dollars per troy ounce,Gold Price Fix PM in US dollars per troy ounce
1998,1,2,287.7,288.0
1998,1,5,287.35,284.4
1998,1,6,281.8,282.8
1998,1,7,282.1,281.6
1998,1,8,282.9,281.65
1998,1,9,281.9,278.7
1998,1,12,278.5,278.9
1998,1,13,279.05,279.5
1998,1,14,285.9,282.5
1998,1,15,281.1,282.5
1998,1,16,287.35,290.0
1998,1,19,285.75,287.25
1998,1,20,287.2,288.4
1998,1,21,291.9,291.0
1998,1,22,293.8,293.8
1998,1,23,291.45,291.0
1998,1,26,304.5,302.75
1998,1,27,300.0,298.9
1998,1,28,298.25,300.0
1998,1,29,304.25,302.5
1998,1,30,301.8,304.85
1998,2,2,302.0,301.5
1998,2,3,299.7,298.35
1998,2,4,295.2,298.15
1998,2,5,298.9,298.5
1998,2,6,301.6,299.1
1998,2,9,300.0,300.6
1998,2,10,300.75,299.5
1998,2,11,298.95,298.45
1998,2,12,299.0,299.45
1998,2,13,298.0,299.15
1998,2,16,297.7,298.2
1998,2,17,299.2,299.3
1998,2,18,297.8,298.15
1998,2,19,298.3,298.0
1998,2,20,298.35,296.7
1998,2,23,295.2,292.7
1998,2,24,292.35,291.4
1998,2,25,292.3,292.25
1998,2,26,293.0,293.0
1998,2,27,296.55,297.4
1998,3,2,299.75,298.35
1998,3,3,297.65,297.0
1998,3,4,296.0,296.75
1998,3,5,294.7,293.7
1998,3,6,294.25,294.9
1998,3,9,294.45,293.85
1998,3,10,294.3,294.4
1998,3,11,295.25,294.1
1998,3,12,294.0,293.85
1998,3,13,295.15,294.55
1998,3,16,294.15,294.2
1998,3,17,293.8,293.8
1998,3,18,289.1,290.4
1998,3,19,291.3,291.5
1998,3,20,291.1,292.4
1998,3,23,292.8,293.0
1998,3,24,298.85,300.3
1998,3,25,298.5,299.25
1998,3,26,299.2,299.6
1998,3,27,302.75,301.95
1998,3,30,302.2,301.85
1998,3,31,299.9,301.0
1998,4,1,301.6,301.0
1998,4,2,299.3,300.3
1998,4,3,305.95,306.0
1998,4,6,313.5,310.6
1998,4,7,309.15,309.2
1998,4,8,309.75,308.8
1998,4,9,308.35,307.65
1998,4,14,309.5,309.5
1998,4,15,308.35,307.2
1998,4,16,306.3,306.3
1998,4,17,308.2,308.45
1998,4,20,307.3,307.45
1998,4,21,307.2,307.5
1998,4,22,311.2,312.8
1998,4,23,314.6,312.75
1998,4,24,312.65,313.15
1998,4,27,311.4,309.65
1998,4,28,308.6,308.45
1998,4,29,307.55,308.25
1998,4,30,310.7,310.7
1998,5,1,306.1,306.9
1998,5,5,304.2,303.8
1998,5,6,303.5,301.0
1998,5,7,299.0,298.1
1998,5,8,299.15,300.4
1998,5,11,299.0,298.9
1998,5,12,299.9,299.35
1998,5,13,295.6,299.1
1998,5,14,296.9,296.15
1998,5,15,302.3,300.9
1998,5,18,299.7,300.3
1998,5,19,299.0,299.7
1998,5,20,298.1,299.6
1998,5,21,300.05,300.6
1998,5,22,300.7,299.8
1998,5,26,298.85,297.95
1998,5,27,292.6,292.75
1998,5,28,293.4,294.0
1998,5,29,292.4,293.6
1998,6,1,292.35,288.75
1998,6,2,289.2,291.45
1998,6,3,293.35,292.4
1998,6,4,292.05,292.8
1998,6,5,292.2,290.7
1998,6,8,290.3,291.7
1998,6,9,296.25,297.6
1998,6,10,294.15,293.0
1998,6,11,292.9,290.3
1998,6,12,288.1,288.15
1998,6,15,286.1,285.85
1998,6,16,286.4,287.0
1998,6,17,288.4,290.9
1998,6,18,293.05,292.45
1998,6,19,293.4,297.75
1998,6,22,294.75,295.15
1998,6,23,295.55,294.45
1998,6,24,293.9,293.85
1998,6,25,293.25,293.15
1998,6,26,294.5,293.65
1998,6,29,293.0,293.65
1998,6,30,295.75,296.3
1998,7,1,297.1,296.8
1998,7,2,295.75,294.05
1998,7,3,293.9,294.6
1998,7,6,293.15,293.25
1998,7,7,293.1,293.75
1998,7,8,294.35,292.0
1998,7,9,292.2,291.8
1998,7,10,291.35,290.6
1998,7,13,290.7,291.5
1998,7,14,292.2,293.35
1998,7,15,292.8,293.15
1998,7,16,294.35,294.95
1998,7,17,293.6,293.8
1998,7,20,294.65,294.85
1998,7,21,295.2,294.9
1998,7,22,294.4,293.95
1998,7,23,292.9,293.3
1998,7,24,293.75,294.6
1998,7,27,290.75,290.65
1998,7,28,290.35,290.6
1998,7,29,291.0,290.75
1998,7,30,289.15,290.0
1998,7,31,289.4,288.85
1998,8,3,286.65,286.15
1998,8,4,285.7,286.1
1998,8,5,288.85,287.9
1998,8,6,286.85,287.8
1998,8,7,286.2,285.7
1998,8,10,286.2,285.6
1998,8,11,284.5,284.8
1998,8,12,285.5,285.05
1998,8,13,282.7,283.4
1998,8,14,284.8,284.4
1998,8,17,283.3,284.15
1998,8,18,284.4,284.25
1998,8,19,285.75,285.5
1998,8,20,283.7,285.3
1998,8,21,284.45,283.5
1998,8,24,284.3,284.5
1998,8,25,283.9,283.05
1998,8,26,282.5,283.15
1998,8,27,280.9,278.5
1998,8,28,273.4,273.4
1998,9,1,277.7,279.0
1998,9,2,280.0,280.15
1998,9,3,279.65,279.15
1998,9,4,285.4,285.0
1998,9,7,288.35,288.25
1998,9,8,287.3,285.4
1998,9,9,284.15,283.45
1998,9,10,285.65,290.5
1998,9,11,293.75,293.35
1998,9,14,290.3,290.2
1998,9,15,290.35,290.65
1998,9,16,289.15,288.25
1998,9,17,287.65,290.5
1998,9,18,290.85,290.1
1998,9,21,292.1,292.95
1998,9,22,288.5,288.9
1998,9,23,288.0,288.9
1998,9,24,290.6,292.7
1998,9,25,296.35,298.1
1998,9,28,293.8,292.25
1998,9,29,296.85,296.0
1998,9,30,294.1,293.85
1998,10,1,299.0,297.6
1998,10,2,301.4,300.8
1998,10,5,298.75,298.75
1998,10,6,296.35,294.65
1998,10,7,298.85,298.0
1998,10,8,302.35,300.25
1998,10,9,299.65,298.7
1998,10,12,296.65,296.45
1998,10,13,296.8,295.55
1998,10,14,296.6,295.3
1998,10,15,296.0,298.15
1998,10,16,300.45,297.95
1998,10,19,298.35,298.55
1998,10,20,295.85,295.4
1998,10,21,296.9,295.25
1998,10,22,293.75,292.9
1998,10,23,292.85,292.25
1998,10,26,291.2,291.45
1998,10,27,293.0,293.0
1998,10,28,293.75,293.15
1998,10,29,293.5,294.0
1998,10,30,293.1,292.3
1998,11,2,292.75,292.7
1998,11,3,290.1,288.6
1998,11,4,290.1,289.4
1998,11,5,290.9,290.6
1998,11,6,293.6,293.3
1998,11,9,292.4,292.05
1998,11,10,291.75,292.25
1998,11,11,293.6,293.5
1998,11,12,293.0,294.45
1998,11,13,297.2,297.1
1998,11,16,295.35,294.85
1998,11,17,294.6,293.8
1998,11,18,294.4,296.5
1998,11,19,297.85,296.35
1998,11,20,296.05,295.6
1998,11,23,295.6,295.5
1998,11,24,295.95,296.45
1998,11,25,296.2,296.3
1998,11,26,296.25,296.4
1998,11,27,295.7,296.15
1998,11,30,295.75,294.7
1998,12,1,293.35,293.3
1998,12,2,293.9,294.15
1998,12,3,292.95,292.85
1998,12,4,292.4,292.3
1998,12,7,292.35,295.55
1998,12,8,294.5,294.4
1998,12,9,293.5,294.2
1998,12,10,294.9,293.95
1998,12,11,294.3,290.8
1998,12,14,291.25,291.4
1998,12,15,292.5,292.55
1998,12,16,292.55,294.1
1998,12,17,293.75,293.3
1998,12,18,292.35,291.6
1998,12,21,289.95,289.65
1998,12,22,288.7,287.25
1998,12,23,287.7,285.8
1998,12,29,286.7,286.95
1998,12,30,286.8,287.8
