year,month,day,Gold Price Fix AM in US dollars per troy ounce,Gold Price Fix PM in US dollars per troy ounce
1999,1,4,288.25,287.15
1999,1,5,287.0,287.15
1999,1,6,287.15,287.65
1999,1,7,288.6,289.95
1999,1,8,290.9,290.9
1999,1,11,291.25,291.15
1999,1,12,291.4,289.8
1999,1,13,288.2,285.45
1999,1,14,285.7,285.65
1999,1,15,285.85,285.95
1999,1,18,286.95,286.75
1999,1,19,287.3,286.5
1999,1,20,285.9,286.0
1999,1,21,287.1,287.75
1999,1,22,287.75,287.0
1999,1,25,286.3,287.7
1999,1,26,287.3,287.1
1999,1,27,285.8,283.8
1999,1,28,282.3,283.55
1999,1,29,285.65,285.4
1999,2,1,287.1,286.9
1999,2,2,289.75,288.55
1999,2,3,287.55,286.85
1999,2,4,287.25,287.25
1999,2,5,289.75,289.4
1999,2,8,288.85,288.85
1999,2,9,287.65,287.0
1999,2,10,287.1,288.2
1999,2,11,287.5,287.3
1999,2,12,287.4,289.15
1999,2,15,290.05,289.2
1999,2,16,288.05,285.3
1999,2,17,285.35,285.75
1999,2,18,285.65,285.7
1999,2,19,287.05,286.35
1999,2,22,287.2,287.2
1999,2,23,286.65,286.7
1999,2,24,286.1,287.4
1999,2,25,287.1,286.45
1999,2,26,286.8,287.05
1999,3,1,287.05,286.7
1999,3,2,286.4,288.25
1999,3,3,286.65,285.95
1999,3,4,286.7,287.7
1999,3,5,287.9,287.9
1999,3,8,288.5,289.5
1999,3,9,291.9,292.95
1999,3,10,291.5,291.8
1999,3,11,293.8,294.0
1999,3,12,293.65,292.5
1999,3,15,291.25,289.7
1999,3,16,286.8,283.0
1999,3,17,283.9,284.7
1999,3,18,284.35,283.7
1999,3,19,283.45,283.7
1999,3,22,284.5,284.3
1999,3,23,285.1,284.1
1999,3,24,284.25,284.25
1999,3,25,283.75,283.4
1999,3,26,282.0,279.8
1999,3,29,280.35,280.15
1999,3,30,280.05,279.6
1999,3,31,279.8,279.45
1999,4,1,280.5,280.55
1999,4,6,278.35,278.5
1999,4,7,280.25,280.15
1999,4,8,280.4,281.0
1999,4,9,281.6,280.6
1999,4,12,282.7,283.2
1999,4,13,282.5,283.45
1999,4,14,283.85,283.4
1999,4,15,281.25,283.65
1999,4,16,283.9,284.2
1999,4,19,284.65,284.2
1999,4,20,284.55,284.35
1999,4,21,283.9,283.25
1999,4,22,283.35,283.4
1999,4,23,283.7,283.3
1999,4,26,283.1,281.5
1999,4,27,281.5,281.05
1999,4,28,282.8,283.0
1999,4,29,283.7,283.0
1999,4,30,285.85,286.6
1999,5,4,285.6,285.3
1999,5,5,285.5,286.0
1999,5,6,288.1,287.95
1999,5,7,283.4,282.4
1999,5,10,280.65,278.0
1999,5,11,278.3,279.45
1999,5,12,278.0,277.55
1999,5,13,278.4,277.85
1999,5,14,277.2,276.0
1999,5,17,276.1,276.1
1999,5,18,274.7,275.05
1999,5,19,272.85,272.5
1999,5,20,274.4,274.0
1999,5,21,274.85,273.3
1999,5,24,272.2,272.2
1999,5,25,272.65,271.7
1999,5,26,269.5,269.5
1999,5,27,268.25,268.95
1999,5,28,271.05,268.6
1999,6,1,265.5,266.85
1999,6,2,267.05,267.15
1999,6,3,263.85,264.75
1999,6,4,266.5,265.3
1999,6,7,266.35,265.6
1999,6,8,263.85,262.35
1999,6,9,262.0,261.3
1999,6,10,258.35,258.6
1999,6,11,259.2,259.7
1999,6,14,259.3,260.35
1999,6,15,259.65,260.0
1999,6,16,258.9,258.7
1999,6,17,259.0,258.15
1999,6,18,260.5,258.95
1999,6,21,259.15,259.3
1999,6,22,259.15,258.55
1999,6,23,258.7,259.15
1999,6,24,260.7,260.15
1999,6,25,261.15,260.7
1999,6,28,260.0,260.3
1999,6,29,260.8,262.0
1999,6,30,261.2,261.0
1999,7,1,263.0,262.6
1999,7,2,262.9,263.1
1999,7,5,262.85,261.8
1999,7,6,261.3,257.6
1999,7,7,256.2,257.1
1999,7,8,256.4,257.2
1999,7,9,257.0,257.3
1999,7,12,256.05,256.0
1999,7,13,254.25,254.65
1999,7,14,255.6,255.25
1999,7,15,253.75,253.3
1999,7,16,254.8,255.65
1999,7,19,253.15,253.95
1999,7,20,253.0,252.8
1999,7,21,252.9,254.5
1999,7,22,255.35,253.95
1999,7,23,254.9,255.3
1999,7,26,253.5,253.5
1999,7,27,254.2,254.6
1999,7,28,254.0,254.1
1999,7,29,254.5,253.9
1999,7,30,256.75,255.6
1999,8,2,255.35,255.35
1999,8,3,255.7,256.0
1999,8,4,257.5,255.85
1999,8,5,256.25,256.0
1999,8,6,255.3,255.75
1999,8,9,256.45,256.5
1999,8,10,257.0,256.5
1999,8,11,256.9,257.75
1999,8,12,260.2,260.3
1999,8,13,260.7,260.45
1999,8,16,259.25,259.0
1999,8,17,259.0,259.65
1999,8,18,261.5,261.3
1999,8,19,258.6,258.0
1999,8,20,258.6,258.25
1999,8,23,257.5,255.9
1999,8,24,254.2,253.4
1999,8,25,253.2,252.85
1999,8,26,253.15,253.15
1999,8,27,254.7,253.8
1999,8,31,254.6,254.8
1999,9,1,255.45,254.7
1999,9,2,254.05,254.2
1999,9,3,255.4,254.4
1999,9,6,254.9,254.6
1999,9,7,254.9,255.6
1999,9,8,256.0,256.15
1999,9,9,256.8,256.9
1999,9,10,256.2,256.0
1999,9,13,256.6,256.3
1999,9,14,256.7,256.75
1999,9,15,257.4,257.15
1999,9,16,255.7,255.9
1999,9,17,255.2,255.1
1999,9,20,255.3,255.4
1999,9,21,255.2,258.85
1999,9,22,262.6,263.4
1999,9,23,263.4,264.35
1999,9,24,265.6,270.0
1999,9,27,281.7,281.1
1999,9,28,288.25,301.5
1999,9,29,317.25,307.0
1999,9,30,303.75,299.0
1999,10,1,303.0,307.5
1999,10,4,311.75,312.75
1999,10,5,326.25,325.5
1999,10,6,325.0,318.25
1999,10,7,318.0,323.5
1999,10,8,322.75,323.25
1999,10,11,317.75,317.75
1999,10,12,323.5,320.25
1999,10,13,320.5,321.75
1999,10,14,322.65,321.0
1999,10,15,316.0,315.75
1999,10,18,317.65,311.75
1999,10,19,309.0,309.5
1999,10,20,309.75,307.0
1999,10,21,305.5,302.85
1999,10,22,303.25,302.4
1999,10,25,302.4,302.0
1999,10,26,297.95,296.4
1999,10,27,290.4,290.6
1999,10,28,300.9,296.25
1999,10,29,298.85,299.1
1999,11,1,293.85,291.35
1999,11,2,292.05,290.75
1999,11,3,291.75,291.0
1999,11,4,292.25,290.6
1999,11,5,292.0,289.7
1999,11,8,289.0,288.25
1999,11,9,291.25,290.75
1999,11,10,291.85,295.75
1999,11,11,296.25,296.0
1999,11,12,292.8,291.25
1999,11,15,292.7,290.9
1999,11,16,292.0,294.25
1999,11,17,295.45,293.65
1999,11,18,293.65,293.6
1999,11,19,293.7,293.75
1999,11,22,294.4,294.9
1999,11,23,296.7,297.25
1999,11,24,297.85,297.5
1999,11,25,298.5,298.4
1999,11,26,297.2,296.85
1999,11,29,293.1,292.25
1999,11,30,292.0,291.35
1999,12,1,291.4,289.15
1999,12,2,289.25,286.0
1999,12,3,280.85,282.75
1999,12,6,277.25,276.1
1999,12,7,280.0,279.25
1999,12,8,283.3,280.95
1999,12,9,279.6,279.0
1999,12,10,278.45,280.65
1999,12,13,279.75,279.5
1999,12,14,280.3,279.25
1999,12,15,279.85,280.05
1999,12,16,280.25,280.3
1999,12,17,283.05,284.15
1999,12,20,284.25,284.25
1999,12,21,284.6,282.75
1999,12,22,287.0,285.75
1999,12,23,286.4,287.3
1999,12,29,290.65,290.9
1999,12,30,290.85,290.25
