year,month,day,Gold Price Fix AM in US dollars per troy ounce,Gold Price Fix PM in US dollars per troy ounce
2000,1,4,282.05,281.5
2000,1,5,282.1,280.45
2000,1,6,280.35,279.4
2000,1,7,282.0,282.1
2000,1,10,281.7,281.6
2000,1,11,281.7,282.25
2000,1,12,282.25,282.25
2000,1,13,282.2,282.1
2000,1,14,284.15,283.3
2000,1,17,284.9,285.35
2000,1,18,286.85,285.8
2000,1,19,288.75,287.65
2000,1,20,288.35,288.1
2000,1,21,287.7,287.75
2000,1,24,287.45,287.2
2000,1,25,288.7,288.0
2000,1,26,284.9,285.9
2000,1,27,286.5,285.55
2000,1,28,286.15,286.75
2000,1,31,283.05,283.3
2000,2,1,283.65,283.0
2000,2,2,283.1,285.6
2000,2,3,285.25,285.05
2000,2,4,287.5,293.65
2000,2,7,316.6,312.7
2000,2,8,303.15,296.25
2000,2,9,306.0,308.6
2000,2,10,311.25,309.0
2000,2,11,316.5,311.5
2000,2,14,308.75,308.35
2000,2,15,307.0,304.25
2000,2,16,300.5,302.5
2000,2,17,306.25,304.75
2000,2,18,302.25,303.55
2000,2,21,305.75,305.25
2000,2,22,305.4,302.25
2000,2,23,305.25,302.0
2000,2,24,299.9,298.75
2000,2,25,297.15,294.0
2000,2,28,292.75,292.5
2000,2,29,294.0,293.65
2000,3,1,293.75,292.9
2000,3,2,289.0,289.9
2000,3,3,289.3,288.5
2000,3,6,289.25,288.8
2000,3,7,288.35,289.75
2000,3,8,292.75,291.2
2000,3,9,289.0,290.5
2000,3,10,292.1,290.25
2000,3,13,289.65,290.65
2000,3,14,290.3,288.75
2000,3,15,288.7,289.15
2000,3,16,288.4,287.35
2000,3,17,285.5,283.9
2000,3,20,284.85,285.75
2000,3,21,286.15,285.15
2000,3,22,289.4,287.8
2000,3,23,286.5,284.75
2000,3,24,284.9,284.85
2000,3,27,284.35,284.15
2000,3,28,280.3,280.65
2000,3,29,279.1,279.75
2000,3,30,276.7,275.75
2000,3,31,275.9,276.75
2000,4,3,278.8,277.5
2000,4,4,276.75,276.85
2000,4,5,283.1,281.3
2000,4,6,278.85,279.35
2000,4,7,279.95,280.15
2000,4,10,281.5,282.25
2000,4,11,281.2,282.5
2000,4,12,280.25,280.4
2000,4,13,281.4,281.4
2000,4,14,280.65,282.0
2000,4,17,283.5,281.75
2000,4,18,281.8,281.1
2000,4,19,281.4,281.35
2000,4,20,280.5,279.85
2000,4,25,280.0,279.5
2000,4,26,277.7,276.2
2000,4,27,276.1,276.0
2000,4,28,275.85,275.05
2000,5,2,275.0,275.45
2000,5,3,277.6,275.6
2000,5,4,277.3,280.0
2000,5,5,280.5,280.75
2000,5,8,277.25,277.9
2000,5,9,276.9,276.3
2000,5,10,277.8,277.6
2000,5,11,277.0,276.75
2000,5,12,276.2,276.65
2000,5,15,275.65,275.05
2000,5,16,275.7,276.0
2000,5,17,274.85,273.1
2000,5,18,272.5,272.8
2000,5,19,273.75,273.15
2000,5,22,274.0,274.0
2000,5,23,275.15,274.05
2000,5,24,273.9,273.7
2000,5,25,273.0,273.35
2000,5,26,270.45,271.3
2000,5,30,274.4,273.15
2000,5,31,272.25,272.25
2000,6,1,272.8,272.5
2000,6,2,272.95,281.6
2000,6,5,281.7,283.25
2000,6,6,284.8,288.4
2000,6,7,286.95,284.1
2000,6,8,285.1,285.75
2000,6,9,285.15,284.4
2000,6,12,284.1,284.6
2000,6,13,293.0,291.5
2000,6,14,286.05,287.15
2000,6,15,289.15,287.4
2000,6,16,290.3,290.1
2000,6,19,288.1,285.9
2000,6,20,286.4,286.2
2000,6,21,286.6,286.05
2000,6,22,286.1,287.65
2000,6,23,285.3,285.8
2000,6,26,283.0,284.05
2000,6,27,284.2,283.8
2000,6,28,286.35,288.0
2000,6,29,290.85,289.75
2000,6,30,289.15,288.15
2000,7,3,288.05,287.65
2000,7,4,287.8,286.5
2000,7,5,287.7,286.85
2000,7,6,285.4,284.9
2000,7,7,284.15,282.85
2000,7,10,284.25,284.1
2000,7,11,283.6,282.85
2000,7,12,282.85,279.95
2000,7,13,280.65,280.8
2000,7,14,280.65,280.25
2000,7,17,282.4,282.45
2000,7,18,282.65,282.75
2000,7,19,281.8,279.2
2000,7,20,277.9,279.35
2000,7,21,280.35,279.3
2000,7,24,280.05,279.75
2000,7,25,278.75,279.7
2000,7,26,280.15,279.4
2000,7,27,280.2,279.85
2000,7,28,278.45,278.1
2000,7,31,277.4,276.75
2000,8,1,277.3,277.6
2000,8,2,277.15,277.6
2000,8,3,276.65,275.5
2000,8,4,273.3,273.95
2000,8,7,273.5,273.2
2000,8,8,274.0,273.1
2000,8,9,272.3,272.0
2000,8,10,272.45,272.2
2000,8,11,273.15,272.7
2000,8,14,275.45,275.45
2000,8,15,274.7,274.15
2000,8,16,275.5,276.35
2000,8,17,277.15,277.2
2000,8,18,277.15,275.6
2000,8,21,276.4,274.6
2000,8,22,274.0,273.4
2000,8,23,272.45,273.15
2000,8,24,272.0,272.6
2000,8,25,273.35,273.65
2000,8,29,274.0,274.0
2000,8,30,272.6,273.3
2000,8,31,274.95,277.0
2000,9,1,276.6,277.0
2000,9,4,277.0,276.65
2000,9,5,276.2,275.0
2000,9,6,275.3,274.15
2000,9,7,272.95,272.7
2000,9,8,274.1,272.75
2000,9,11,272.6,272.55
2000,9,12,272.8,274.65
2000,9,13,272.8,272.5
2000,9,14,272.8,273.1
2000,9,15,272.85,272.6
2000,9,18,272.45,273.0
2000,9,19,272.0,271.85
2000,9,20,271.1,271.4
2000,9,21,269.65,269.5
2000,9,22,272.35,273.95
2000,9,25,273.55,272.85
2000,9,26,274.05,274.85
2000,9,27,274.75,276.15
2000,9,28,277.2,276.4
2000,9,29,274.1,273.65
2000,10,2,274.3,273.1
2000,10,3,272.4,272.1
2000,10,4,271.3,271.35
2000,10,5,271.35,270.4
2000,10,6,270.8,270.0
2000,10,9,270.25,270.0
2000,10,10,269.75,270.5
2000,10,11,273.0,272.75
2000,10,12,270.8,274.0
2000,10,13,275.85,273.25
2000,10,16,272.05,271.6
2000,10,17,270.55,270.25
2000,10,18,271.3,272.0
2000,10,19,270.5,270.3
2000,10,20,271.5,270.45
2000,10,23,271.25,271.45
2000,10,24,270.4,270.2
2000,10,25,269.3,266.8
2000,10,26,266.75,266.4
2000,10,27,266.05,263.8
2000,10,30,265.65,264.75
2000,10,31,263.8,264.5
2000,11,1,266.0,265.5
2000,11,2,265.75,264.85
2000,11,3,266.45,264.65
2000,11,6,265.75,265.7
2000,11,7,264.1,265.5
2000,11,8,265.0,264.1
2000,11,9,264.3,264.65
2000,11,10,265.15,264.85
2000,11,13,264.3,264.85
2000,11,14,264.5,264.95
2000,11,15,265.25,264.6
2000,11,16,265.4,266.7
2000,11,17,266.5,265.25
2000,11,20,265.75,266.15
2000,11,21,267.25,266.15
2000,11,22,266.45,266.15
2000,11,23,265.9,265.7
2000,11,24,266.0,265.55
2000,11,27,266.2,268.15
2000,11,28,269.75,269.95
2000,11,29,269.0,269.1
2000,11,30,267.0,269.1
2000,12,1,271.2,269.2
2000,12,4,271.15,270.7
2000,12,5,271.85,270.8
2000,12,6,270.85,271.6
2000,12,7,275.1,273.9
2000,12,8,273.3,272.95
2000,12,11,272.5,270.7
2000,12,12,271.0,270.75
2000,12,13,269.95,269.6
2000,12,14,269.7,269.3
2000,12,15,270.3,270.35
2000,12,18,270.5,270.2
2000,12,19,269.45,269.55
2000,12,20,270.2,272.45
2000,12,21,273.0,273.1
2000,12,27,274.7,275.05
2000,12,28,274.6,274.45
2000,12,29,272.65,290.25
