year,month,day,Gold Price Fix AM in US dollars per troy ounce,Gold Price Fix PM in US dollars per troy ounce
2001,1,2,272.8,271.1
2001,1,3,269.0,267.15
2001,1,4,268.75,267.1
2001,1,5,268.0,267.4
2001,1,8,268.6,268.3
2001,1,9,267.75,267.0
2001,1,10,266.7,266.3
2001,1,11,264.8,264.15
2001,1,12,263.65,263.7
2001,1,15,263.35,263.5
2001,1,16,264.5,264.45
2001,1,17,263.1,263.5
2001,1,18,264.1,264.9
2001,1,19,265.75,264.9
2001,1,22,266.1,266.15
2001,1,23,267.1,266.1
2001,1,24,265.7,264.25
2001,1,25,263.6,264.9
2001,1,26,264.5,263.55
2001,1,29,263.1,262.85
2001,1,30,263.4,264.95
2001,1,31,266.2,264.5
2001,2,1,266.85,267.65
2001,2,2,268.0,266.7
2001,2,5,266.25,265.45
2001,2,6,264.55,262.7
2001,2,7,262.9,263.15
2001,2,8,263.4,262.95
2001,2,9,260.5,259.9
2001,2,12,260.9,261.1
2001,2,13,261.5,260.75
2001,2,14,260.9,260.25
2001,2,15,259.5,258.55
2001,2,16,256.7,257.45
2001,2,19,258.95,259.45
2001,2,20,258.3,256.25
2001,2,21,257.3,257.5
2001,2,22,258.0,258.85
2001,2,23,259.95,260.45
2001,2,26,262.8,263.2
2001,2,27,268.1,268.3
2001,2,28,265.0,266.7
2001,3,1,266.7,266.35
2001,3,2,263.35,263.1
2001,3,5,261.85,262.5
2001,3,6,262.6,261.85
2001,3,7,261.55,260.65
2001,3,8,263.6,263.65
2001,3,9,268.75,269.8
2001,3,12,270.5,272.5
2001,3,13,269.4,269.3
2001,3,14,267.45,263.85
2001,3,15,262.7,262.05
2001,3,16,260.2,260.7
2001,3,19,260.5,260.55
2001,3,20,262.6,261.55
2001,3,21,261.2,262.0
2001,3,22,262.25,261.15
2001,3,23,262.3,262.85
2001,3,26,261.3,262.2
2001,3,27,262.75,262.0
2001,3,28,261.2,260.15
2001,3,29,260.2,260.15
2001,3,30,259.05,257.7
2001,4,2,257.55,255.95
2001,4,3,257.0,257.1
2001,4,4,259.2,259.45
2001,4,5,258.2,258.1
2001,4,6,258.1,258.8
2001,4,9,260.9,259.0
2001,4,10,257.05,256.65
2001,4,11,258.45,257.7
2001,4,12,259.4,259.25
2001,4,17,262.15,260.55
2001,4,18,260.1,258.85
2001,4,19,261.35,263.1
2001,4,20,264.2,263.85
2001,4,23,262.9,262.6
2001,4,24,263.65,263.4
2001,4,25,263.95,263.5
2001,4,26,262.2,263.5
2001,4,27,264.45,264.6
2001,4,30,263.45,263.15
2001,5,1,263.8,264.0
2001,5,2,265.0,263.95
2001,5,3,265.3,266.4
2001,5,4,265.8,266.6
2001,5,8,265.6,265.2
2001,5,9,265.2,267.85
2001,5,10,269.4,268.45
2001,5,11,268.95,269.05
2001,5,14,267.7,268.35
2001,5,15,268.05,266.6
2001,5,16,269.1,270.9
2001,5,17,271.75,274.0
2001,5,18,272.1,273.0
2001,5,21,288.35,291.25
2001,5,22,282.75,284.15
2001,5,23,283.85,283.15
2001,5,24,283.45,286.05
2001,5,25,280.65,276.25
2001,5,29,276.65,275.75
2001,5,30,273.65,271.0
2001,5,31,266.1,267.5
2001,6,1,265.65,265.4
2001,6,4,266.25,266.5
2001,6,5,266.15,265.7
2001,6,6,266.95,265.5
2001,6,7,266.25,266.1
2001,6,8,267.25,267.0
2001,6,11,272.75,268.5
2001,6,12,267.9,269.9
2001,6,13,271.8,271.95
2001,6,14,272.2,272.4
2001,6,15,274.35,272.2
2001,6,18,271.5,272.0
2001,6,19,273.95,273.4
2001,6,20,272.4,271.5
2001,6,21,272.65,271.7
2001,6,22,273.2,273.3
2001,6,25,273.1,272.9
2001,6,26,273.85,274.0
2001,6,27,276.0,274.8
2001,6,28,271.45,269.5
2001,6,29,269.9,270.6
2001,7,2,269.1,268.35
2001,7,3,268.6,268.5
2001,7,4,267.6,267.6
2001,7,5,267.55,266.3
2001,7,6,265.2,265.1
2001,7,9,266.85,266.1
2001,7,10,267.2,267.45
2001,7,11,266.55,267.55
2001,7,12,267.55,266.3
2001,7,13,266.4,266.35
2001,7,16,268.0,268.25
2001,7,17,266.85,267.6
2001,7,18,268.1,268.55
2001,7,19,271.55,270.3
2001,7,20,270.1,269.7
2001,7,23,269.25,268.7
2001,7,24,268.9,268.75
2001,7,25,269.25,268.4
2001,7,26,267.15,267.5
2001,7,27,265.85,266.15
2001,7,30,266.4,266.3
2001,7,31,265.55,265.9
2001,8,1,267.7,267.35
2001,8,2,268.3,267.0
2001,8,3,267.5,267.85
2001,8,6,267.9,267.2
2001,8,7,266.7,266.45
2001,8,8,266.5,266.4
2001,8,9,269.0,270.0
2001,8,10,273.35,275.8
2001,8,13,275.1,275.6
2001,8,14,274.1,274.5
2001,8,15,276.35,275.35
2001,8,16,275.1,275.9
2001,8,17,276.25,277.45
2001,8,20,277.75,276.65
2001,8,21,276.95,276.3
2001,8,22,277.25,275.85
2001,8,23,274.3,274.85
2001,8,24,275.15,272.8
2001,8,28,271.6,271.05
2001,8,29,272.85,272.85
2001,8,30,273.4,272.3
2001,8,31,275.35,273.0
2001,9,3,273.55,273.35
2001,9,4,272.25,272.3
2001,9,5,271.7,271.3
2001,9,6,272.0,272.05
2001,9,7,273.15,273.6
2001,9,10,273.2,271.5
2001,9,11,271.4,287.0
2001,9,12,279.5,279.0
2001,9,13,278.5,280.25
2001,9,14,284.5,285.75
2001,9,17,291.0,293.25
2001,9,18,288.65,289.4
2001,9,19,289.35,288.1
2001,9,20,288.2,288.5
2001,9,21,291.3,292.5
2001,9,24,289.65,288.2
2001,9,25,287.95,288.0
2001,9,26,291.6,291.45
2001,9,27,291.25,289.8
2001,9,28,290.85,293.1
2001,10,1,291.65,290.6
2001,10,2,291.1,291.65
2001,10,3,289.95,290.1
2001,10,4,289.15,290.35
2001,10,5,291.6,291.2
2001,10,8,292.85,291.85
2001,10,9,291.1,290.0
2001,10,10,286.5,287.15
2001,10,11,282.35,281.85
2001,10,12,282.85,281.8
2001,10,15,283.75,281.85
2001,10,16,281.25,281.1
2001,10,17,281.65,281.6
2001,10,18,282.2,281.0
2001,10,19,278.7,279.15
2001,10,22,277.55,275.9
2001,10,23,274.9,276.05
2001,10,24,276.15,275.5
2001,10,25,275.35,276.7
2001,10,26,276.95,277.25
2001,10,29,277.7,278.6
2001,10,30,280.2,280.4
2001,10,31,280.95,278.75
2001,11,1,279.45,280.6
2001,11,2,280.2,279.9
2001,11,5,278.95,278.25
2001,11,6,278.9,278.95
2001,11,7,280.5,280.3
2001,11,8,280.2,279.95
2001,11,9,277.3,277.15
2001,11,12,277.7,280.0
2001,11,13,277.65,276.5
2001,11,14,277.55,278.25
2001,11,15,276.05,275.45
2001,11,16,275.5,274.5
2001,11,19,274.2,273.6
2001,11,20,273.75,272.95
2001,11,21,273.15,272.8
2001,11,22,273.2,272.75
2001,11,23,272.55,273.1
2001,11,26,273.05,272.6
2001,11,27,273.65,273.3
2001,11,28,274.6,274.4
2001,11,29,274.65,274.8
2001,11,30,274.7,275.5
2001,12,3,275.25,276.35
2001,12,4,276.55,276.6
2001,12,5,275.75,275.0
2001,12,6,274.1,274.55
2001,12,7,274.75,274.1
2001,12,10,273.35,272.65
2001,12,11,272.6,272.2
2001,12,12,273.25,273.5
2001,12,13,273.95,274.35
2001,12,14,274.85,277.05
2001,12,17,277.8,277.75
2001,12,18,278.85,278.85
2001,12,19,278.9,278.65
2001,12,20,276.25,276.1
2001,12,21,277.8,277.5
2001,12,27,278.05,277.7
2001,12,28,277.6,276.5
