year,month,day,Gold Price Fix AM in US dollars per troy ounce,Gold Price Fix PM in US dollars per troy ounce
2002,1,2,278.1,278.35
2002,1,3,278.65,278.8
2002,1,4,278.95,277.75
2002,1,7,279.65,278.6
2002,1,8,278.2,278.6
2002,1,9,279.35,281.1
2002,1,10,287.0,286.85
2002,1,11,286.6,285.75
2002,1,14,286.4,286.35
2002,1,15,283.85,284.2
2002,1,16,287.95,284.6
2002,1,17,285.15,285.0
2002,1,18,283.7,283.2
2002,1,21,282.65,282.3
2002,1,22,283.35,282.05
2002,1,23,281.6,280.75
2002,1,24,279.05,279.2
2002,1,25,279.0,279.0
2002,1,28,279.35,279.1
2002,1,29,277.8,277.9
2002,1,30,280.95,281.5
2002,1,31,281.5,282.3
2002,2,1,282.0,283.9
2002,2,4,285.8,287.4
2002,2,5,290.35,291.95
2002,2,6,297.45,299.5
2002,2,7,300.35,299.5
2002,2,8,305.1,304.3
2002,2,11,301.5,297.75
2002,2,12,298.9,298.9
2002,2,13,298.6,297.4
2002,2,14,298.1,299.0
2002,2,15,300.4,299.85
2002,2,18,298.5,297.35
2002,2,19,297.25,296.5
2002,2,20,294.2,291.3
2002,2,21,291.15,292.15
2002,2,22,293.35,292.75
2002,2,25,291.8,291.95
2002,2,26,293.0,294.2
2002,2,27,299.3,297.4
2002,2,28,296.55,296.85
2002,3,1,295.8,295.4
2002,3,4,299.55,297.4
2002,3,5,296.6,297.8
2002,3,6,294.35,292.7
2002,3,7,292.15,291.0
2002,3,8,289.3,289.15
2002,3,11,291.75,291.2
2002,3,12,292.0,293.6
2002,3,13,293.75,293.15
2002,3,14,292.7,291.2
2002,3,15,291.0,290.3
2002,3,18,291.0,292.05
2002,3,19,293.2,293.1
2002,3,20,292.7,291.85
2002,3,21,292.25,292.75
2002,3,22,293.65,294.25
2002,3,25,297.7,297.7
2002,3,26,297.1,296.1
2002,3,27,297.5,299.0
2002,3,28,303.0,301.4
2002,4,2,302.65,304.0
2002,4,3,304.95,303.75
2002,4,4,301.5,301.7
2002,4,5,300.8,301.0
2002,4,8,298.5,300.45
2002,4,9,299.3,298.7
2002,4,10,297.8,298.0
2002,4,11,301.8,301.3
2002,4,12,301.65,300.35
2002,4,15,301.8,300.1
2002,4,16,299.35,297.75
2002,4,17,300.15,300.85
2002,4,18,302.3,304.25
2002,4,19,303.7,301.8
2002,4,22,303.35,303.7
2002,4,23,303.25,302.7
2002,4,24,304.5,304.2
2002,4,25,305.1,307.25
2002,4,26,307.65,306.6
2002,4,29,310.65,309.7
2002,4,30,309.35,308.2
2002,5,1,308.3,308.35
2002,5,2,308.1,307.6
2002,5,3,308.85,310.45
2002,5,7,312.65,312.0
2002,5,8,310.9,310.5
2002,5,9,308.75,308.85
2002,5,10,310.65,311.15
2002,5,13,311.6,310.75
2002,5,14,309.95,308.4
2002,5,15,307.5,308.3
2002,5,16,309.05,310.1
2002,5,17,310.65,310.6
2002,5,20,311.8,311.5
2002,5,21,315.1,315.2
2002,5,22,318.25,317.1
2002,5,23,316.25,317.15
2002,5,24,320.9,320.95
2002,5,27,320.8,320.05
2002,5,28,321.4,320.2
2002,5,29,325.2,327.05
2002,5,30,324.65,326.0
2002,5,31,327.25,326.6
2002,6,5,324.5,322.0
2002,6,6,322.9,324.1
2002,6,7,326.55,326.4
2002,6,10,323.1,322.5
2002,6,11,319.0,316.8
2002,6,12,319.55,319.75
2002,6,13,317.6,318.75
2002,6,14,319.7,322.1
2002,6,17,317.95,317.8
2002,6,18,318.05,318.35
2002,6,19,321.85,320.65
2002,6,20,320.85,322.35
2002,6,21,323.5,322.7
2002,6,24,326.35,326.4
2002,6,25,323.1,321.7
2002,6,26,324.6,321.55
2002,6,27,319.45,318.8
2002,6,28,319.05,318.5
2002,7,1,312.3,312.1
2002,7,2,312.9,314.45
2002,7,3,312.85,310.85
2002,7,4,310.9,310.6
2002,7,5,310.75,311.3
2002,7,8,313.0,311.7
2002,7,9,312.45,313.8
2002,7,10,315.95,314.8
2002,7,11,314.5,314.15
2002,7,12,316.5,316.7
2002,7,15,316.35,319.0
2002,7,16,320.35,318.25
2002,7,17,317.75,316.15
2002,7,18,316.6,317.65
2002,7,19,319.15,322.9
2002,7,22,324.0,322.9
2002,7,23,320.3,319.7
2002,7,24,313.6,311.25
2002,7,25,310.25,309.45
2002,7,26,308.6,304.95
2002,7,29,303.05,303.0
2002,7,30,304.45,305.4
2002,7,31,305.5,304.65
2002,8,1,300.65,302.25
2002,8,2,306.5,305.05
2002,8,5,307.6,309.5
2002,8,6,306.75,305.75
2002,8,7,307.8,312.2
2002,8,8,312.95,312.15
2002,8,9,309.6,312.95
2002,8,12,316.25,316.7
2002,8,13,314.7,313.8
2002,8,14,316.25,315.65
2002,8,15,312.7,312.65
2002,8,16,314.55,314.2
2002,8,19,313.05,310.1
2002,8,20,307.6,308.0
2002,8,21,308.35,306.55
2002,8,22,306.45,305.4
2002,8,23,305.8,305.95
2002,8,27,309.4,310.5
2002,8,28,310.95,311.1
2002,8,29,310.65,312.1
2002,8,30,312.4,312.8
2002,9,2,312.25,312.0
2002,9,3,313.5,313.5
2002,9,4,312.7,313.0
2002,9,5,316.2,317.55
2002,9,6,317.9,319.25
2002,9,9,322.2,322.5
2002,9,10,318.35,319.1
2002,9,11,317.15,315.5
2002,9,12,318.0,318.85
2002,9,13,318.5,318.8
2002,9,16,316.55,315.35
2002,9,17,315.3,315.9
2002,9,18,317.6,318.7
2002,9,19,320.15,322.25
2002,9,20,321.55,322.3
2002,9,23,323.45,322.5
2002,9,24,323.3,326.3
2002,9,25,325.25,325.15
2002,9,26,322.35,319.6
2002,9,27,320.15,320.05
2002,9,30,322.4,323.7
2002,10,1,322.6,321.75
2002,10,2,320.4,322.2
2002,10,3,322.7,322.1
2002,10,4,321.65,320.3
2002,10,7,322.35,321.75
2002,10,8,320.7,319.0
2002,10,9,318.8,319.35
2002,10,10,319.5,318.95
2002,10,11,317.1,316.85
2002,10,14,318.0,317.75
2002,10,15,317.5,316.2
2002,10,16,314.0,314.05
2002,10,17,312.8,310.75
2002,10,18,312.45,312.75
2002,10,21,313.4,312.6
2002,10,22,311.65,312.55
2002,10,23,313.4,312.1
2002,10,24,311.1,311.75
2002,10,25,312.3,313.0
2002,10,28,313.3,314.45
2002,10,29,316.35,317.15
2002,10,30,316.8,316.55
2002,10,31,316.35,316.9
2002,11,1,318.75,319.85
2002,11,4,317.2,317.55
2002,11,5,318.9,318.5
2002,11,6,317.5,317.3
2002,11,7,319.7,319.25
2002,11,8,322.55,321.7
2002,11,11,321.1,320.7
2002,11,12,321.9,321.75
2002,11,13,323.2,324.0
2002,11,14,318.6,318.6
2002,11,15,318.5,319.1
2002,11,18,319.8,318.75
2002,11,19,319.8,319.7
2002,11,20,319.0,318.85
2002,11,21,318.4,317.65
2002,11,22,318.2,317.7
2002,11,25,319.5,317.45
2002,11,26,318.0,317.5
2002,11,27,318.2,317.85
2002,11,28,317.3,317.6
2002,11,29,318.25,319.05
2002,12,2,317.3,316.45
2002,12,3,317.7,319.7
2002,12,4,320.7,322.1
2002,12,5,322.1,322.45
2002,12,6,325.3,325.75
2002,12,9,325.3,325.1
2002,12,10,325.95,323.1
2002,12,11,323.75,324.25
2002,12,12,326.15,326.4
2002,12,13,333.5,332.2
2002,12,16,332.9,333.0
2002,12,17,341.0,339.0
2002,12,18,337.05,338.0
2002,12,19,345.75,345.0
2002,12,20,343.1,341.6
2002,12,23,343.9,343.95
2002,12,27,348.3,349.3
2002,12,30,348.5,347.2
2002,12,31,342.75,276.5
