year,month,day,Gold Price Fix AM in US dollars per troy ounce,Gold Price Fix PM in US dollars per troy ounce
2003,1,2,342.2,343.8
2003,1,3,344.0,344.5
2003,1,6,356.1,351.75
2003,1,7,348.7,349.0
2003,1,8,346.75,349.75
2003,1,9,354.6,352.4
2003,1,10,353.15,353.0
2003,1,13,352.35,352.55
2003,1,14,353.75,353.1
2003,1,15,351.9,351.0
2003,1,16,350.85,352.3
2003,1,17,358.2,357.0
2003,1,20,355.8,355.85
2003,1,21,355.55,353.8
2003,1,22,359.25,358.5
2003,1,23,363.3,364.7
2003,1,24,364.1,366.0
2003,1,27,370.8,368.5
2003,1,28,366.45,368.4
2003,1,29,369.85,369.9
2003,1,30,363.0,367.6
2003,1,31,370.35,367.5
2003,2,3,369.0,369.5
2003,2,4,374.85,376.55
2003,2,5,385.0,382.1
2003,2,6,372.5,375.8
2003,2,7,370.55,373.25
2003,2,10,371.75,370.5
2003,2,11,362.15,364.0
2003,2,12,363.15,356.3
2003,2,13,354.25,352.8
2003,2,14,356.25,354.25
2003,2,17,346.55,347.0
2003,2,18,347.0,344.1
2003,2,19,347.2,346.0
2003,2,20,351.1,351.55
2003,2,21,354.0,352.3
2003,2,24,352.9,355.2
2003,2,25,359.1,357.6
2003,2,26,352.55,351.9
2003,2,27,354.0,351.25
2003,2,28,347.65,347.45
2003,3,3,348.45,345.5
2003,3,4,352.4,353.4
2003,3,5,354.5,353.95
2003,3,6,353.25,354.7
2003,3,7,356.6,350.75
2003,3,10,353.1,354.45
2003,3,11,353.15,348.7
2003,3,12,349.0,346.1
2003,3,13,342.9,334.5
2003,3,14,335.5,335.2
2003,3,17,340.5,340.75
2003,3,18,334.9,338.8
2003,3,19,339.0,335.8
2003,3,20,335.5,335.8
2003,3,21,332.55,333.5
2003,3,24,330.15,329.45
2003,3,25,333.0,331.9
2003,3,26,329.6,329.95
2003,3,27,333.15,332.75
2003,3,28,330.3,330.75
2003,3,31,335.35,334.85
2003,4,1,335.65,334.35
2003,4,2,330.25,329.3
2003,4,3,324.7,323.7
2003,4,4,323.2,323.8
2003,4,7,319.75,319.9
2003,4,8,322.3,323.4
2003,4,9,324.1,321.35
2003,4,10,325.1,324.6
2003,4,11,325.05,324.8
2003,4,14,325.6,325.95
2003,4,15,323.7,325.45
2003,4,16,323.85,324.1
2003,4,17,326.1,327.0
2003,4,22,333.25,334.9
2003,4,23,333.8,333.3
2003,4,24,332.0,333.7
2003,4,25,333.4,333.25
2003,4,28,333.75,332.6
2003,4,29,332.6,331.4
2003,4,30,336.0,336.75
2003,5,1,338.95,341.2
2003,5,2,341.25,340.5
2003,5,6,342.65,342.85
2003,5,7,343.0,341.85
2003,5,8,341.4,346.45
2003,5,9,348.7,347.9
2003,5,12,350.35,351.1
2003,5,13,350.75,350.4
2003,5,14,348.9,353.55
2003,5,15,353.85,354.25
2003,5,16,352.55,355.0
2003,5,19,359.75,359.0
2003,5,20,368.0,366.3
2003,5,21,364.9,367.8
2003,5,22,369.6,369.6
2003,5,23,369.7,370.5
2003,5,27,372.35,371.4
2003,5,28,364.55,359.5
2003,5,29,361.1,363.1
2003,5,30,365.8,361.4
2003,6,2,361.3,364.75
2003,6,3,365.3,365.0
2003,6,4,365.3,364.2
2003,6,5,362.6,366.75
2003,6,6,367.35,363.0
2003,6,9,362.8,362.75
2003,6,10,359.4,354.25
2003,6,11,354.15,354.25
2003,6,12,354.2,352.25
2003,6,13,353.95,353.05
2003,6,16,359.0,358.3
2003,6,17,359.75,362.75
2003,6,18,361.25,359.75
2003,6,19,356.45,357.65
2003,6,20,359.6,358.0
2003,6,23,356.05,355.0
2003,6,24,354.35,348.25
2003,6,25,347.85,348.1
2003,6,26,345.85,343.85
2003,6,27,343.5,345.5
2003,6,30,345.15,346.0
2003,7,1,348.55,350.2
2003,7,2,351.2,351.5
2003,7,3,349.6,349.4
2003,7,4,351.1,351.3
2003,7,7,350.25,348.15
2003,7,8,345.3,347.2
2003,7,9,345.45,344.15
2003,7,10,343.4,343.4
2003,7,11,344.2,343.7
2003,7,14,344.5,347.5
2003,7,15,348.5,348.25
2003,7,16,343.0,343.2
2003,7,17,344.6,342.5
2003,7,18,344.0,344.35
2003,7,21,347.8,350.0
2003,7,22,352.25,352.0
2003,7,23,352.2,354.75
2003,7,24,359.8,357.3
2003,7,25,361.1,363.0
2003,7,28,361.95,365.6
2003,7,29,364.0,363.5
2003,7,30,359.1,357.75
2003,7,31,355.75,354.75
2003,8,1,353.05,352.35
2003,8,4,348.95,347.5
2003,8,5,349.5,348.4
2003,8,6,352.65,352.0
2003,8,7,350.15,351.6
2003,8,8,353.5,353.95
2003,8,11,357.0,359.15
2003,8,12,360.0,360.1
2003,8,13,356.0,358.65
2003,8,14,362.25,363.6
2003,8,15,363.3,364.5
2003,8,18,361.3,360.25
2003,8,19,358.3,360.4
2003,8,20,362.2,363.7
2003,8,21,364.0,363.3
2003,8,22,360.75,358.75
2003,8,26,360.75,360.5
2003,8,27,364.3,371.25
2003,8,28,370.9,369.8
2003,8,29,371.0,375.6
2003,9,1,376.35,376.25
2003,9,2,375.5,373.7
2003,9,3,372.2,370.0
2003,9,4,373.0,370.75
2003,9,5,371.0,375.8
2003,9,8,376.4,374.65
2003,9,9,378.2,382.25
2003,9,10,381.15,380.0
2003,9,11,379.05,376.3
2003,9,12,377.5,378.25
2003,9,15,375.3,373.5
2003,9,16,374.9,374.6
2003,9,17,372.9,374.25
2003,9,18,376.95,378.3
2003,9,19,376.3,379.75
2003,9,22,386.2,385.5
2003,9,23,386.45,384.6
2003,9,24,385.25,385.0
2003,9,25,391.85,390.7
2003,9,26,384.1,382.7
2003,9,29,379.85,381.95
2003,9,30,384.5,388.0
2003,10,1,385.0,383.5
2003,10,2,385.15,382.2
2003,10,3,383.95,384.25
2003,10,6,372.75,371.3
2003,10,7,376.2,376.1
2003,10,8,376.6,375.25
2003,10,9,376.45,370.6
2003,10,10,370.35,372.3
2003,10,13,370.8,370.25
2003,10,14,373.65,373.95
2003,10,15,374.5,373.5
2003,10,16,371.2,373.4
2003,10,17,371.8,370.5
2003,10,20,371.45,373.8
2003,10,21,374.8,378.2
2003,10,22,381.55,384.75
2003,10,23,386.75,384.5
2003,10,24,384.6,388.25
2003,10,27,386.75,386.0
2003,10,28,386.55,384.4
2003,10,29,382.7,385.4
2003,10,30,391.0,386.5
2003,10,31,384.6,386.25
2003,11,3,383.25,383.25
2003,11,4,378.3,377.9
2003,11,5,382.15,378.75
2003,11,6,381.9,380.25
2003,11,7,381.0,378.95
2003,11,10,382.85,383.5
2003,11,11,386.4,387.8
2003,11,12,388.05,389.7
2003,11,13,395.5,395.4
2003,11,14,395.35,396.7
2003,11,17,398.0,393.7
2003,11,18,392.4,393.9
2003,11,19,397.15,395.15
2003,11,20,395.75,394.3
2003,11,21,393.85,395.5
2003,11,24,394.25,391.9
2003,11,25,391.5,391.75
2003,11,26,392.0,396.0
2003,11,27,396.25,395.45
2003,11,28,398.1,398.35
2003,12,1,398.75,400.25
2003,12,2,401.05,401.35
2003,12,3,403.3,401.8
2003,12,4,402.4,402.25
2003,12,5,402.0,402.4
2003,12,8,408.75,406.15
2003,12,9,408.25,407.75
2003,12,10,407.3,410.0
2003,12,11,404.0,404.1
2003,12,12,406.6,407.1
2003,12,15,404.5,407.5
2003,12,16,409.7,408.0
2003,12,17,407.5,408.25
2003,12,18,410.75,407.5
2003,12,19,408.75,409.75
2003,12,22,410.8,410.45
2003,12,23,409.6,409.25
2003,12,29,413.5,412.0
2003,12,30,415.6,416.25
