year,month,day,Gold Price Fix AM in US dollars per troy ounce,Gold Price Fix PM in US dollars per troy ounce
2004,1,2,415.2,415.25
2004,1,5,417.75,420.6
2004,1,6,428.0,424.4
2004,1,7,420.65,421.75
2004,1,8,418.1,421.0
2004,1,9,422.8,423.35
2004,1,12,428.2,425.25
2004,1,13,424.5,425.5
2004,1,14,421.0,419.5
2004,1,15,415.5,412.5
2004,1,16,410.3,408.4
2004,1,19,407.1,406.6
2004,1,20,408.3,409.25
2004,1,21,411.25,407.6
2004,1,22,412.0,409.25
2004,1,23,411.4,409.0
2004,1,26,406.2,408.2
2004,1,27,404.0,405.7
2004,1,28,410.7,411.0
2004,1,29,410.15,405.7
2004,1,30,401.3,399.75
2004,2,2,401.85,398.35
2004,2,3,401.75,401.45
2004,2,4,399.6,399.25
2004,2,5,399.3,399.55
2004,2,6,396.4,404.25
2004,2,9,406.7,405.95
2004,2,10,408.35,408.55
2004,2,11,406.4,405.75
2004,2,12,411.4,411.6
2004,2,13,412.1,416.0
2004,2,16,410.7,411.7
2004,2,17,413.7,414.5
2004,2,18,415.9,414.5
2004,2,19,410.2,409.8
2004,2,20,408.25,405.25
2004,2,23,399.85,399.5
2004,2,24,401.45,402.25
2004,2,25,403.4,400.25
2004,2,26,395.05,393.25
2004,2,27,392.25,395.85
2004,3,1,398.5,400.0
2004,3,2,398.6,395.75
2004,3,3,390.35,390.5
2004,3,4,394.15,392.0
2004,3,5,393.5,399.25
2004,3,8,399.4,399.85
2004,3,9,401.2,401.5
2004,3,10,400.8,400.25
2004,3,11,397.4,398.45
2004,3,12,400.75,398.0
2004,3,15,399.0,398.1
2004,3,16,399.6,402.5
2004,3,17,402.0,402.75
2004,3,18,407.15,410.75
2004,3,19,411.0,412.0
2004,3,22,414.1,417.65
2004,3,23,415.2,416.25
2004,3,24,417.6,415.25
2004,3,25,416.6,416.1
2004,3,26,417.5,421.5
2004,3,29,420.9,421.25
2004,3,30,419.15,420.0
2004,3,31,423.0,423.7
2004,4,1,425.3,427.25
2004,4,2,426.1,419.0
2004,4,5,420.55,417.7
2004,4,6,416.95,418.5
2004,4,7,419.25,419.0
2004,4,8,422.0,419.5
2004,4,13,417.45,407.9
2004,4,14,405.75,397.75
2004,4,15,398.0,398.25
2004,4,16,399.75,400.85
2004,4,19,405.3,403.1
2004,4,20,398.8,396.85
2004,4,21,393.75,392.75
2004,4,22,391.35,392.3
2004,4,23,396.25,394.5
2004,4,26,396.5,397.0
2004,4,27,397.15,396.25
2004,4,28,396.75,392.25
2004,4,29,382.75,386.0
2004,4,30,387.3,388.5
2004,5,4,389.75,391.25
2004,5,5,394.3,392.55
2004,5,6,392.0,387.5
2004,5,7,386.85,380.8
2004,5,10,374.1,375.0
2004,5,11,378.0,375.25
2004,5,12,381.15,382.2
2004,5,13,375.5,375.15
2004,5,14,373.5,376.5
2004,5,17,380.8,382.95
2004,5,18,379.0,377.7
2004,5,19,380.2,380.75
2004,5,20,380.45,379.5
2004,5,21,382.25,385.3
2004,5,24,383.85,384.0
2004,5,25,387.6,388.9
2004,5,26,390.5,389.65
2004,5,27,391.45,393.6
2004,5,28,393.85,393.25
2004,6,1,395.85,397.2
2004,6,2,395.85,394.85
2004,6,3,391.4,390.35
2004,6,4,388.1,388.3
2004,6,7,393.45,393.6
2004,6,8,394.95,392.35
2004,6,9,389.3,386.85
2004,6,10,384.25,384.95
2004,6,11,384.55,384.85
2004,6,14,382.9,385.1
2004,6,15,382.3,386.5
2004,6,16,387.75,385.25
2004,6,17,386.0,386.1
2004,6,18,388.7,395.1
2004,6,21,393.85,395.25
2004,6,22,394.6,395.75
2004,6,23,395.25,393.9
2004,6,24,396.75,400.0
2004,6,25,401.15,401.5
2004,6,28,401.7,404.25
2004,6,29,396.75,394.4
2004,6,30,393.75,395.8
2004,7,1,394.5,394.8
2004,7,2,394.7,397.75
2004,7,5,398.4,398.25
2004,7,6,398.4,394.5
2004,7,7,397.35,399.65
2004,7,8,402.2,405.35
2004,7,9,406.6,406.5
2004,7,12,408.55,406.35
2004,7,13,404.25,400.9
2004,7,14,403.3,403.8
2004,7,15,403.9,403.15
2004,7,16,403.7,406.3
2004,7,19,406.95,406.35
2004,7,20,405.5,400.0
2004,7,21,401.1,398.5
2004,7,22,395.0,397.75
2004,7,23,392.85,391.5
2004,7,26,391.65,390.75
2004,7,27,392.25,389.85
2004,7,28,386.2,387.3
2004,7,29,388.75,387.3
2004,7,30,389.6,391.4
2004,8,2,393.25,391.5
2004,8,3,390.6,390.95
2004,8,4,392.7,391.5
2004,8,5,391.8,390.85
2004,8,6,392.25,399.0
2004,8,9,398.6,399.0
2004,8,10,399.05,399.5
2004,8,11,396.25,393.85
2004,8,12,396.25,394.15
2004,8,13,392.75,396.75
2004,8,16,399.3,401.65
2004,8,17,401.45,401.3
2004,8,18,403.2,402.45
2004,8,19,406.3,406.5
2004,8,20,405.8,410.55
2004,8,23,409.95,410.6
2004,8,24,406.9,406.2
2004,8,25,405.5,406.0
2004,8,26,405.95,406.05
2004,8,27,406.85,405.1
2004,8,31,408.1,407.25
2004,9,1,408.0,407.65
2004,9,2,407.8,406.1
2004,9,3,405.8,401.15
2004,9,6,401.6,401.6
2004,9,7,401.8,398.1
2004,9,8,398.1,396.3
2004,9,9,399.25,398.7
2004,9,10,400.65,401.35
2004,9,13,400.75,399.3
2004,9,14,403.5,405.25
2004,9,15,404.8,404.45
2004,9,16,404.4,403.4
2004,9,17,404.6,405.7
2004,9,20,404.15,404.3
2004,9,21,405.45,408.5
2004,9,22,407.5,405.35
2004,9,23,408.05,411.5
2004,9,24,409.45,407.85
2004,9,27,409.0,409.2
2004,9,28,410.3,411.7
2004,9,29,411.55,412.95
2004,9,30,412.35,415.65
2004,10,1,418.15,418.1
2004,10,4,416.85,412.55
2004,10,5,414.25,415.4
2004,10,6,417.95,418.45
2004,10,7,417.9,418.1
2004,10,8,418.05,421.75
2004,10,11,421.75,421.7
2004,10,12,418.2,414.7
2004,10,13,412.45,411.25
2004,10,14,414.65,415.35
2004,10,15,417.8,420.4
2004,10,18,418.5,419.1
2004,10,19,416.25,419.35
2004,10,20,421.7,423.6
2004,10,21,425.5,422.5
2004,10,22,422.4,422.8
2004,10,25,429.0,429.15
2004,10,26,427.15,427.5
2004,10,27,425.85,428.25
2004,10,28,423.85,424.2
2004,10,29,426.2,425.55
2004,11,1,428.1,428.85
2004,11,2,425.1,424.2
2004,11,3,422.2,423.5
2004,11,4,426.3,430.5
2004,11,5,428.75,431.0
2004,11,8,432.95,431.9
2004,11,9,432.3,433.65
2004,11,10,435.1,433.4
2004,11,11,433.35,433.8
2004,11,12,436.9,436.05
2004,11,15,439.5,437.6
2004,11,16,437.95,439.4
2004,11,17,444.5,443.45
2004,11,18,444.3,442.0
2004,11,19,443.7,445.6
2004,11,22,447.0,447.8
2004,11,23,447.0,448.15
2004,11,24,448.65,448.6
2004,11,25,451.7,451.15
2004,11,26,451.55,451.0
2004,11,29,450.4,451.25
2004,11,30,452.0,453.4
2004,12,1,451.1,452.85
2004,12,2,454.35,454.2
2004,12,3,449.15,448.65
2004,12,6,455.75,453.05
2004,12,7,453.75,451.8
2004,12,8,445.75,436.9
2004,12,9,437.35,437.1
2004,12,10,433.9,434.0
2004,12,13,436.95,435.1
2004,12,14,438.6,437.1
2004,12,15,437.8,439.0
2004,12,16,441.25,439.5
2004,12,17,439.2,438.9
2004,12,20,441.75,442.45
2004,12,21,441.85,440.95
2004,12,22,442.7,441.0
2004,12,23,442.4,441.1
2004,12,29,443.5,440.25
2004,12,30,435.15,435.6
