year,month,day,Gold Price Fix AM in US dollars per troy ounce,Gold Price Fix PM in US dollars per troy ounce
2005,1,4,426.8,427.75
2005,1,5,425.5,426.0
2005,1,6,425.8,424.35
2005,1,7,423.15,422.2
2005,1,10,421.25,420.0
2005,1,11,422.55,421.35
2005,1,12,421.7,426.6
2005,1,13,424.65,423.6
2005,1,14,421.7,422.5
2005,1,17,422.85,422.25
2005,1,18,422.55,421.75
2005,1,19,424.1,424.95
2005,1,20,421.7,422.9
2005,1,21,423.3,423.3
2005,1,24,427.6,427.35
2005,1,25,426.2,424.5
2005,1,26,423.7,425.8
2005,1,27,426.3,424.5
2005,1,28,426.4,426.8
2005,1,31,423.8,422.15
2005,2,1,421.15,420.9
2005,2,2,421.9,421.6
2005,2,3,419.8,416.5
2005,2,4,416.5,415.9
2005,2,7,414.5,414.4
2005,2,8,411.5,411.1
2005,2,9,413.2,411.15
2005,2,10,413.5,415.5
2005,2,11,417.05,418.85
2005,2,14,422.8,424.2
2005,2,15,424.6,424.4
2005,2,16,424.15,423.1
2005,2,17,426.6,426.25
2005,2,18,426.55,427.1
2005,2,21,427.1,427.15
2005,2,22,430.75,432.85
2005,2,23,433.25,432.6
2005,2,24,434.75,433.75
2005,2,25,432.4,434.25
2005,2,28,436.55,435.45
2005,3,1,434.65,433.45
2005,3,2,429.15,431.75
2005,3,3,433.25,430.2
2005,3,4,429.65,433.45
2005,3,7,433.6,433.0
2005,3,8,434.85,437.25
2005,3,9,439.9,439.5
2005,3,10,440.2,440.9
2005,3,11,440.95,443.7
2005,3,14,442.75,441.95
2005,3,15,442.0,440.65
2005,3,16,441.2,443.0
2005,3,17,442.65,438.6
2005,3,18,436.65,437.15
2005,3,21,436.25,432.7
2005,3,22,430.65,432.15
2005,3,23,427.25,426.15
2005,3,24,424.9,425.15
2005,3,29,426.95,426.1
2005,3,30,426.5,426.45
2005,3,31,427.5,427.5
2005,4,1,427.45,427.15
2005,4,4,425.95,423.9
2005,4,5,423.7,424.6
2005,4,6,426.6,425.75
2005,4,7,426.4,428.0
2005,4,8,425.4,425.2
2005,4,11,428.1,429.0
2005,4,12,429.15,427.3
2005,4,13,428.85,427.5
2005,4,14,427.2,423.45
2005,4,15,423.65,424.6
2005,4,18,425.65,425.75
2005,4,19,426.9,427.45
2005,4,20,432.4,433.2
2005,4,21,433.4,434.0
2005,4,22,433.4,434.6
2005,4,25,433.0,432.9
2005,4,26,434.7,437.0
2005,4,27,434.1,434.35
2005,4,28,432.75,432.5
2005,4,29,433.2,435.7
2005,5,3,429.2,427.9
2005,5,4,429.2,428.8
2005,5,5,430.5,429.15
2005,5,6,429.7,425.15
2005,5,9,425.8,425.5
2005,5,10,426.9,427.4
2005,5,11,428.35,426.1
2005,5,12,426.25,424.25
2005,5,13,421.45,420.0
2005,5,16,419.9,419.25
2005,5,17,420.35,420.0
2005,5,18,419.4,419.75
2005,5,19,421.75,420.8
2005,5,20,420.7,418.0
2005,5,23,417.6,418.0
2005,5,24,418.25,418.3
2005,5,25,418.5,418.4
2005,5,26,418.75,418.0
2005,5,27,418.6,418.25
2005,5,31,416.9,414.45
2005,6,1,416.1,415.35
2005,6,2,417.2,420.4
2005,6,3,423.2,423.55
2005,6,6,424.8,425.85
2005,6,7,426.6,424.1
2005,6,8,424.9,424.55
2005,6,9,423.55,422.5
2005,6,10,422.75,422.55
2005,6,13,425.6,429.1
2005,6,14,426.95,426.85
2005,6,15,426.65,428.7
2005,6,16,431.3,433.0
2005,6,17,436.05,437.5
2005,6,20,440.5,439.35
2005,6,21,434.35,435.2
2005,6,22,437.5,437.0
2005,6,23,437.15,439.15
2005,6,24,442.95,440.55
2005,6,27,439.35,439.3
2005,6,28,437.5,437.0
2005,6,29,434.9,435.8
2005,6,30,436.8,437.1
2005,7,1,434.2,432.6
2005,7,4,427.6,427.4
2005,7,5,426.0,423.75
2005,7,6,423.85,423.5
2005,7,7,427.85,425.2
2005,7,8,423.75,424.4
2005,7,11,425.0,424.2
2005,7,12,426.95,426.25
2005,7,13,425.55,424.5
2005,7,14,422.5,424.3
2005,7,15,419.6,418.35
2005,7,18,421.6,420.9
2005,7,19,420.0,419.25
2005,7,20,420.65,422.15
2005,7,21,423.65,424.25
2005,7,22,426.35,425.0
2005,7,25,424.85,425.4
2005,7,26,424.5,423.25
2005,7,27,422.75,424.0
2005,7,28,425.3,426.4
2005,7,29,427.15,429.0
2005,8,1,431.35,431.65
2005,8,2,431.85,431.0
2005,8,3,433.6,434.6
2005,8,4,435.6,438.6
2005,8,5,437.5,438.25
2005,8,8,436.85,436.2
2005,8,9,434.7,433.3
2005,8,10,436.3,436.55
2005,8,11,437.8,440.75
2005,8,12,447.25,447.25
2005,8,15,442.6,443.5
2005,8,16,440.85,443.0
2005,8,17,444.25,442.0
2005,8,18,439.0,439.65
2005,8,19,439.25,439.65
2005,8,22,437.5,439.65
2005,8,23,439.85,439.35
2005,8,24,438.25,440.0
2005,8,25,439.0,438.85
2005,8,26,438.5,436.75
2005,8,30,436.15,430.65
2005,8,31,433.0,433.25
2005,9,1,435.5,439.6
2005,9,2,446.3,443.6
2005,9,5,445.6,446.05
2005,9,6,443.5,444.15
2005,9,7,444.5,445.05
2005,9,8,444.8,448.55
2005,9,9,446.7,448.25
2005,9,12,449.15,448.35
2005,9,13,448.7,445.4
2005,9,14,447.85,449.3
2005,9,15,449.1,454.8
2005,9,16,458.1,457.2
2005,9,19,461.95,464.5
2005,9,20,470.0,464.8
2005,9,21,467.0,469.1
2005,9,22,472.75,466.25
2005,9,23,464.5,462.65
2005,9,26,461.05,461.7
2005,9,27,465.65,464.1
2005,9,28,462.0,464.0
2005,9,29,472.5,472.4
2005,9,30,473.4,473.25
2005,10,3,465.0,466.1
2005,10,4,467.5,467.45
2005,10,5,465.25,463.5
2005,10,6,466.3,471.8
2005,10,7,472.0,472.7
2005,10,10,477.5,473.2
2005,10,11,475.5,475.5
2005,10,12,478.5,475.1
2005,10,13,471.25,469.5
2005,10,14,470.7,466.0
2005,10,17,472.35,474.5
2005,10,18,473.0,472.0
2005,10,19,468.4,465.9
2005,10,20,464.0,464.3
2005,10,21,463.15,462.85
2005,10,24,463.75,466.1
2005,10,25,467.0,472.25
2005,10,26,471.55,473.2
2005,10,27,473.25,474.4
2005,10,28,473.65,470.75
2005,10,31,472.65,470.75
2005,11,1,465.55,459.5
2005,11,2,461.65,460.8
2005,11,3,464.8,461.85
2005,11,4,461.35,460.5
2005,11,7,457.6,456.5
2005,11,8,457.15,461.6
2005,11,9,462.6,462.55
2005,11,10,467.0,467.0
2005,11,11,465.9,466.75
2005,11,14,469.75,467.5
2005,11,15,467.55,468.25
2005,11,16,470.65,475.75
2005,11,17,480.75,486.15
2005,11,18,487.9,485.85
2005,11,21,488.0,488.95
2005,11,22,493.0,492.6
2005,11,23,488.85,487.6
2005,11,24,492.75,493.4
2005,11,25,495.7,495.9
2005,11,28,497.3,496.0
2005,11,29,497.1,496.0
2005,11,30,493.8,495.65
2005,12,1,494.4,499.75
2005,12,2,504.75,502.5
2005,12,5,505.0,505.65
2005,12,6,508.25,504.25
2005,12,7,512.3,515.4
2005,12,8,514.85,515.7
2005,12,9,524.75,525.5
2005,12,12,537.5,536.5
2005,12,13,522.8,522.5
2005,12,14,513.75,509.5
2005,12,15,502.4,506.25
2005,12,16,502.5,507.0
2005,12,19,507.45,508.75
2005,12,20,505.75,502.5
2005,12,21,494.5,489.0
2005,12,22,494.75,500.0
2005,12,28,509.15,518.0
2005,12,29,517.0,513.0
