year,month,day,Gold Price Fix AM in US dollars per troy ounce,Gold Price Fix PM in US dollars per troy ounce
2006,1,3,520.75,530.0
2006,1,4,534.35,529.5
2006,1,5,531.6,524.75
2006,1,6,529.5,535.25
2006,1,9,541.0,541.5
2006,1,10,545.25,543.5
2006,1,11,542.25,544.4
2006,1,12,547.5,542.5
2006,1,13,547.25,548.25
2006,1,16,559.4,561.75
2006,1,17,558.05,553.25
2006,1,18,544.75,545.0
2006,1,19,547.7,554.75
2006,1,20,559.25,567.25
2006,1,23,558.5,554.5
2006,1,24,556.65,557.25
2006,1,25,562.25,561.75
2006,1,26,562.25,556.5
2006,1,27,559.75,561.75
2006,1,30,560.3,565.0
2006,1,31,569.8,568.75
2006,2,1,567.2,568.25
2006,2,2,571.85,572.15
2006,2,3,571.85,569.0
2006,2,6,570.0,569.75
2006,2,7,568.25,558.7
2006,2,8,548.65,548.75
2006,2,9,559.0,560.25
2006,2,10,558.75,557.0
2006,2,13,546.6,549.3
2006,2,14,540.5,539.7
2006,2,15,544.3,540.5
2006,2,16,540.65,538.75
2006,2,17,545.75,551.7
2006,2,20,556.0,554.5
2006,2,21,553.4,554.0
2006,2,22,551.75,553.0
2006,2,23,552.5,551.2
2006,2,24,550.75,554.15
2006,2,27,556.1,553.25
2006,2,28,556.5,556.0
2006,3,1,562.6,564.25
2006,3,2,563.75,563.75
2006,3,3,568.6,565.0
2006,3,6,568.0,565.25
2006,3,7,555.25,553.0
2006,3,8,548.6,544.75
2006,3,9,547.25,550.1
2006,3,10,545.4,535.0
2006,3,13,545.25,543.5
2006,3,14,545.25,545.8
2006,3,15,551.25,556.5
2006,3,16,553.25,552.75
2006,3,17,555.5,552.75
2006,3,20,554.25,555.75
2006,3,21,553.0,547.5
2006,3,22,548.5,550.75
2006,3,23,548.0,546.5
2006,3,24,549.75,556.75
2006,3,27,564.0,565.0
2006,3,28,563.75,567.5
2006,3,29,562.25,565.0
2006,3,30,578.5,584.0
2006,3,31,584.0,582.0
2006,4,3,585.5,587.0
2006,4,4,585.0,588.0
2006,4,5,583.85,586.5
2006,4,6,595.5,592.5
2006,4,7,597.0,589.75
2006,4,10,597.5,597.25
2006,4,11,599.5,597.75
2006,4,12,596.75,597.25
2006,4,13,597.0,593.0
2006,4,18,616.75,614.75
2006,4,19,623.75,624.75
2006,4,20,644.5,625.0
2006,4,21,623.5,623.5
2006,4,24,634.0,622.5
2006,4,25,627.75,634.75
2006,4,26,630.75,635.5
2006,4,27,636.5,638.0
2006,4,28,638.25,644.0
2006,5,2,657.75,661.0
2006,5,3,675.25,673.6
2006,5,4,664.65,673.5
2006,5,5,682.0,678.0
2006,5,8,682.0,675.5
2006,5,9,679.75,691.25
2006,5,10,704.3,699.9
2006,5,11,707.0,715.5
2006,5,12,725.75,725.0
2006,5,15,693.0,687.5
2006,5,16,681.0,692.0
2006,5,17,713.0,699.5
2006,5,18,688.0,693.5
2006,5,19,682.0,651.5
2006,5,22,645.5,652.5
2006,5,23,661.7,666.75
2006,5,24,667.5,648.5
2006,5,25,643.75,642.5
2006,5,26,652.0,642.25
2006,5,30,652.25,660.5
2006,5,31,654.0,653.0
2006,6,1,633.25,625.0
2006,6,2,630.8,632.25
2006,6,5,644.5,641.8
2006,6,6,634.6,627.0
2006,6,7,623.5,617.75
2006,6,8,619.0,614.0
2006,6,9,612.25,616.0
2006,6,12,607.75,609.2
2006,6,13,590.75,586.5
2006,6,14,567.25,567.75
2006,6,15,574.25,569.5
2006,6,16,581.5,574.0
2006,6,19,569.75,571.0
2006,6,20,571.0,567.0
2006,6,21,576.5,574.6
2006,6,22,594.4,584.5
2006,6,23,582.6,579.6
2006,6,26,586.25,583.5
2006,6,27,587.7,588.75
2006,6,28,584.0,582.75
2006,6,29,581.75,589.25
2006,6,30,600.4,613.5
2006,7,3,619.5,622.95
2006,7,4,620.9,622.0
2006,7,5,625.75,623.0
2006,7,6,623.75,626.0
2006,7,7,631.0,631.5
2006,7,10,624.5,626.0
2006,7,11,628.35,630.75
2006,7,12,642.0,650.0
2006,7,13,648.8,649.5
2006,7,14,660.4,663.25
2006,7,17,671.5,652.5
2006,7,18,647.5,645.0
2006,7,19,626.0,641.6
2006,7,20,642.9,642.5
2006,7,21,626.75,634.0
2006,7,24,616.4,605.7
2006,7,25,618.75,618.75
2006,7,26,617.75,614.3
2006,7,27,634.2,639.0
2006,7,28,631.25,637.1
2006,7,31,637.0,632.5
2006,8,1,635.5,637.25
2006,8,2,648.25,654.4
2006,8,3,646.25,644.4
2006,8,4,644.5,652.25
2006,8,7,647.25,649.75
2006,8,8,645.4,646.0
2006,8,9,640.5,649.0
2006,8,10,650.5,644.75
2006,8,11,641.55,644.5
2006,8,14,628.0,624.6
2006,8,15,624.75,625.5
2006,8,16,626.0,629.75
2006,8,17,630.75,625.5
2006,8,18,614.75,613.9
2006,8,21,621.5,625.0
2006,8,22,626.5,622.75
2006,8,23,623.5,628.1
2006,8,24,623.5,623.75
2006,8,25,622.0,621.25
2006,8,29,616.85,613.4
2006,8,30,614.7,617.75
2006,8,31,621.75,623.5
2006,9,1,624.0,621.05
2006,9,4,626.75,626.75
2006,9,5,629.75,637.75
2006,9,6,636.7,635.4
2006,9,7,634.0,621.5
2006,9,8,611.5,610.0
2006,9,11,597.1,588.0
2006,9,12,596.0,590.7
2006,9,13,581.5,589.0
2006,9,14,593.4,584.4
2006,9,15,578.6,573.6
2006,9,18,581.5,580.5
2006,9,19,582.5,583.5
2006,9,20,576.25,580.25
2006,9,21,580.5,578.75
2006,9,22,592.0,589.0
2006,9,25,589.5,584.75
2006,9,26,591.25,591.0
2006,9,27,595.1,593.75
2006,9,28,603.5,603.0
2006,9,29,601.75,599.25
2006,10,2,602.0,600.6
2006,10,3,593.0,582.25
2006,10,4,578.5,573.6
2006,10,5,568.25,573.3
2006,10,6,570.6,560.75
2006,10,9,578.25,575.25
2006,10,10,577.25,571.4
2006,10,11,574.0,574.1
2006,10,12,575.9,573.0
2006,10,13,577.9,586.1
2006,10,16,593.0,595.1
2006,10,17,594.9,590.0
2006,10,18,595.25,594.0
2006,10,19,589.75,597.25
2006,10,20,598.0,596.6
2006,10,23,588.5,582.75
2006,10,24,578.4,575.6
2006,10,25,581.6,580.75
2006,10,26,591.8,596.25
2006,10,27,593.75,596.25
2006,10,30,604.75,608.5
2006,10,31,600.9,603.75
2006,11,1,611.25,614.1
2006,11,2,615.75,620.75
2006,11,3,625.65,622.75
2006,11,6,625.75,626.1
2006,11,7,625.75,625.75
2006,11,8,625.5,623.2
2006,11,9,618.0,625.25
2006,11,10,632.25,629.3
2006,11,13,628.5,623.5
2006,11,14,623.4,627.0
2006,11,15,620.25,617.75
2006,11,16,624.5,624.75
2006,11,17,618.25,620.5
2006,11,20,624.0,625.5
2006,11,21,625.0,624.5
2006,11,22,627.75,631.8
2006,11,23,630.7,630.25
2006,11,24,636.0,639.5
2006,11,27,637.5,638.75
2006,11,28,637.75,637.0
2006,11,29,638.25,637.5
2006,11,30,638.4,646.7
2006,12,1,644.4,648.75
2006,12,4,644.8,646.0
2006,12,5,643.0,645.9
2006,12,6,636.75,636.0
2006,12,7,630.5,627.75
2006,12,8,630.9,637.4
2006,12,11,625.5,626.75
2006,12,12,629.5,628.0
2006,12,13,629.0,624.0
2006,12,14,628.75,627.4
2006,12,15,626.0,623.75
2006,12,18,617.5,614.0
2006,12,19,616.0,620.5
2006,12,20,623.4,619.25
2006,12,21,622.0,620.5
2006,12,27,628.3,628.5
2006,12,28,629.0,632.0
