year,month,day,Gold Price Fix AM in US dollars per troy ounce,Gold Price Fix PM in US dollars per troy ounce
2007,1,2,640.75,639.75
2007,1,3,636.75,642.6
2007,1,4,625.25,628.7
2007,1,5,626.0,609.5
2007,1,8,608.3,609.5
2007,1,9,612.0,609.6
2007,1,10,610.75,608.4
2007,1,11,613.5,612.0
2007,1,12,614.1,619.75
2007,1,15,628.25,627.0
2007,1,16,625.6,627.05
2007,1,17,623.25,626.5
2007,1,18,632.8,635.0
2007,1,19,629.0,629.0
2007,1,22,635.1,639.0
2007,1,23,637.5,642.5
2007,1,24,643.0,642.1
2007,1,25,648.75,651.75
2007,1,26,645.7,645.5
2007,1,29,643.4,644.75
2007,1,30,642.25,645.2
2007,1,31,645.75,650.5
2007,2,1,652.55,660.2
2007,2,2,654.75,645.7
2007,2,5,648.0,649.4
2007,2,6,653.9,653.25
2007,2,7,655.25,653.75
2007,2,8,650.55,656.0
2007,2,9,657.85,664.5
2007,2,12,663.35,664.55
2007,2,13,664.75,667.8
2007,2,14,668.25,668.25
2007,2,15,670.0,664.75
2007,2,16,665.25,665.1
2007,2,19,670.5,670.75
2007,2,20,668.6,663.9
2007,2,21,658.6,661.25
2007,2,22,676.4,676.6
2007,2,23,677.5,683.0
2007,2,26,684.5,685.75
2007,2,27,684.5,676.2
2007,2,28,677.0,664.2
2007,3,1,673.6,670.4
2007,3,2,664.0,651.9
2007,3,5,638.6,636.75
2007,3,6,644.6,643.75
2007,3,7,646.35,646.4
2007,3,8,653.75,654.25
2007,3,9,653.85,652.25
2007,3,12,652.5,647.75
2007,3,13,650.5,650.8
2007,3,14,640.75,643.25
2007,3,15,646.1,648.5
2007,3,16,650.65,653.2
2007,3,19,654.5,655.0
2007,3,20,654.4,659.0
2007,3,21,660.5,658.75
2007,3,22,664.0,663.0
2007,3,23,662.15,656.25
2007,3,26,659.65,663.0
2007,3,27,665.15,664.0
2007,3,28,665.6,666.75
2007,3,29,664.9,661.0
2007,3,30,663.5,661.75
2007,4,2,663.3,658.25
2007,4,3,663.5,664.25
2007,4,4,665.9,672.25
2007,4,5,672.6,673.5
2007,4,10,676.85,677.4
2007,4,11,679.1,678.2
2007,4,12,678.5,677.25
2007,4,13,677.0,681.75
2007,4,16,687.25,686.5
2007,4,17,688.0,688.0
2007,4,18,690.4,688.75
2007,4,19,687.25,681.9
2007,4,20,687.6,691.4
2007,4,23,691.0,688.7
2007,4,24,689.7,688.4
2007,4,25,686.2,684.0
2007,4,26,685.5,673.0
2007,4,27,672.5,677.5
2007,4,30,678.0,677.0
2007,5,1,677.5,673.6
2007,5,2,673.25,669.5
2007,5,3,675.9,674.2
2007,5,4,680.8,688.8
2007,5,8,685.9,684.25
2007,5,9,686.5,683.0
2007,5,10,677.85,673.5
2007,5,11,667.85,669.0
2007,5,14,674.2,670.2
2007,5,15,667.0,668.25
2007,5,16,670.9,667.75
2007,5,17,663.2,656.75
2007,5,18,660.75,657.0
2007,5,21,662.4,658.0
2007,5,22,663.5,662.0
2007,5,23,659.2,662.05
2007,5,24,661.5,659.0
2007,5,25,655.0,655.3
2007,5,29,657.6,660.15
2007,5,30,657.1,652.65
2007,5,31,656.6,659.1
2007,6,1,662.5,666.5
2007,6,4,670.75,671.1
2007,6,5,671.3,671.5
2007,6,6,669.8,669.7
2007,6,7,670.85,668.75
2007,6,8,656.75,655.25
2007,6,11,652.75,650.3
2007,6,12,652.8,647.25
2007,6,13,644.1,647.65
2007,6,14,650.75,653.25
2007,6,15,650.6,653.1
2007,6,18,658.0,656.0
2007,6,19,655.1,656.3
2007,6,20,659.6,657.7
2007,6,21,654.5,650.5
2007,6,22,652.0,652.85
2007,6,25,651.25,650.75
2007,6,26,649.55,647.0
2007,6,27,642.85,642.1
2007,6,28,645.7,647.25
2007,6,29,648.5,650.5
2007,7,2,650.5,654.75
2007,7,3,657.25,654.25
2007,7,4,654.0,654.15
2007,7,5,655.9,651.0
2007,7,6,647.75,648.75
2007,7,9,657.0,661.25
2007,7,10,661.15,661.7
2007,7,11,664.0,663.0
2007,7,12,663.0,667.25
2007,7,13,667.5,666.5
2007,7,16,667.25,666.0
2007,7,17,663.15,666.5
2007,7,18,667.75,666.75
2007,7,19,673.0,674.5
2007,7,20,676.0,681.6
2007,7,23,683.5,682.0
2007,7,24,682.75,684.3
2007,7,25,677.25,674.75
2007,7,26,675.4,670.0
2007,7,27,663.5,660.5
2007,7,30,661.5,661.5
2007,7,31,666.75,665.5
2007,8,1,660.25,665.75
2007,8,2,665.35,666.25
2007,8,3,666.35,670.5
2007,8,6,674.15,671.5
2007,8,7,669.25,668.0
2007,8,8,670.4,675.5
2007,8,9,670.85,662.6
2007,8,10,664.5,668.5
2007,8,13,669.85,668.75
2007,8,14,667.35,668.35
2007,8,15,665.0,667.25
2007,8,16,664.15,662.25
2007,8,17,653.0,657.5
2007,8,20,658.5,659.5
2007,8,21,655.5,657.5
2007,8,22,657.15,659.5
2007,8,23,662.25,660.75
2007,8,24,659.75,660.85
2007,8,28,667.0,666.0
2007,8,29,664.75,664.25
2007,8,30,666.3,666.0
2007,8,31,668.0,672.0
2007,9,3,672.75,672.0
2007,9,4,673.5,678.75
2007,9,5,679.5,680.25
2007,9,6,683.5,688.15
2007,9,7,695.0,701.0
2007,9,10,704.0,703.5
2007,9,11,704.25,704.15
2007,9,12,711.75,706.0
2007,9,13,708.1,704.5
2007,9,14,706.75,716.35
2007,9,17,710.25,719.0
2007,9,18,717.7,714.75
2007,9,19,723.75,725.15
2007,9,20,727.75,734.5
2007,9,21,735.35,737.0
2007,9,24,733.25,730.0
2007,9,25,727.7,728.5
2007,9,26,730.55,734.75
2007,9,27,729.75,731.75
2007,9,28,737.75,743.0
2007,10,1,745.25,742.5
2007,10,2,735.75,731.0
2007,10,3,733.15,730.25
2007,10,4,726.75,725.5
2007,10,5,735.85,737.0
2007,10,8,736.5,733.75
2007,10,9,728.8,736.0
2007,10,10,740.5,741.25
2007,10,11,747.5,749.0
2007,10,12,748.5,749.5
2007,10,15,755.85,758.85
2007,10,16,761.75,756.75
2007,10,17,759.75,762.5
2007,10,18,758.35,764.15
2007,10,19,768.25,763.0
2007,10,22,755.6,751.25
2007,10,23,757.5,758.25
2007,10,24,757.35,757.5
2007,10,25,765.0,767.5
2007,10,26,775.6,779.15
2007,10,29,792.5,788.5
2007,10,30,784.0,783.25
2007,10,31,783.0,789.5
2007,11,1,792.0,790.25
2007,11,2,790.75,796.5
2007,11,5,802.5,804.75
2007,11,6,817.55,822.5
2007,11,7,841.75,834.5
2007,11,8,832.25,841.1
2007,11,9,836.0,831.5
2007,11,12,817.0,803.5
2007,11,13,803.4,804.25
2007,11,14,808.25,813.5
2007,11,15,806.0,794.0
2007,11,16,790.25,789.75
2007,11,19,788.5,778.85
2007,11,20,789.65,795.5
2007,11,21,796.25,798.0
2007,11,22,802.25,803.25
2007,11,23,810.5,815.25
2007,11,26,836.25,830.0
2007,11,27,823.25,810.75
2007,11,28,796.5,801.75
2007,11,29,807.25,794.5
2007,11,30,794.75,783.5
2007,12,3,783.75,784.25
2007,12,4,790.25,797.5
2007,12,5,801.75,793.0
2007,12,6,788.75,801.5
2007,12,7,799.75,792.5
2007,12,10,800.0,809.5
2007,12,11,806.75,808.75
2007,12,12,807.5,814.0
2007,12,13,809.0,800.7
2007,12,14,796.25,789.5
2007,12,17,787.0,790.75
2007,12,18,796.25,804.25
2007,12,19,801.5,799.75
2007,12,20,799.5,795.25
2007,12,21,803.0,810.5
2007,12,27,822.5,829.0
2007,12,28,828.5,833.75
