year,month,day,Gold Price Fix AM in US dollars per troy ounce,Gold Price Fix PM in US dollars per troy ounce
2008,1,2,840.75,846.75
2008,1,3,865.35,858.85
2008,1,4,858.75,855.0
2008,1,7,857.5,859.25
2008,1,8,873.25,873.5
2008,1,9,887.85,877.0
2008,1,10,874.25,884.25
2008,1,11,893.75,891.0
2008,1,14,911.5,902.0
2008,1,15,904.75,913.0
2008,1,16,881.0,889.75
2008,1,17,881.5,888.25
2008,1,18,872.75,882.0
2008,1,21,874.25,871.25
2008,1,22,862.0,875.0
2008,1,23,887.8,888.25
2008,1,24,891.5,909.25
2008,1,25,921.25,918.25
2008,1,28,916.5,921.75
2008,1,29,927.5,924.5
2008,1,30,923.75,919.0
2008,1,31,923.75,923.25
2008,2,1,933.0,914.75
2008,2,4,899.5,893.75
2008,2,5,889.75,887.5
2008,2,6,892.0,903.0
2008,2,7,908.25,899.75
2008,2,8,914.0,916.25
2008,2,11,925.5,918.0
2008,2,12,920.25,917.0
2008,2,13,905.75,899.0
2008,2,14,910.85,906.0
2008,2,15,909.75,912.5
2008,2,18,905.0,903.25
2008,2,19,916.5,924.0
2008,2,20,924.85,920.0
2008,2,21,943.0,945.0
2008,2,22,945.75,943.0
2008,2,25,947.5,937.75
2008,2,26,934.0,937.0
2008,2,27,958.75,959.5
2008,2,28,957.0,959.75
2008,2,29,969.0,971.5
2008,3,3,978.25,988.5
2008,3,4,981.75,984.75
2008,3,5,966.25,974.5
2008,3,6,986.25,976.5
2008,3,7,978.5,972.5
2008,3,10,973.15,969.25
2008,3,11,980.5,970.0
2008,3,12,975.75,975.5
2008,3,13,988.25,995.0
2008,3,14,997.0,1003.5
2008,3,17,1023.5,1011.25
2008,3,18,1005.75,1006.75
2008,3,19,995.25,958.5
2008,3,20,913.5,925.75
2008,3,25,930.65,926.75
2008,3,26,945.75,946.75
2008,3,27,948.25,946.75
2008,3,28,944.5,934.25
2008,3,31,937.25,933.5
2008,4,1,897.0,887.75
2008,4,2,893.5,890.0
2008,4,3,898.25,896.5
2008,4,4,905.25,905.5
2008,4,7,914.7,926.5
2008,4,8,921.0,915.0
2008,4,9,906.75,917.0
2008,4,10,934.25,928.0
2008,4,11,925.5,927.75
2008,4,14,917.75,926.5
2008,4,15,931.75,929.75
2008,4,16,932.75,945.0
2008,4,17,951.5,946.0
2008,4,18,942.25,908.75
2008,4,21,915.75,918.5
2008,4,22,920.75,918.0
2008,4,23,916.25,898.5
2008,4,24,900.75,895.5
2008,4,25,883.5,891.5
2008,4,28,892.25,890.5
2008,4,29,886.0,880.0
2008,4,30,867.75,871.0
2008,5,1,863.5,853.0
2008,5,2,854.25,853.5
2008,5,6,878.0,880.0
2008,5,7,874.0,868.25
2008,5,8,872.25,877.0
2008,5,9,887.25,876.0
2008,5,12,882.5,883.5
2008,5,13,877.0,865.0
2008,5,14,863.0,866.5
2008,5,15,866.25,881.25
2008,5,16,885.0,897.0
2008,5,19,908.75,906.5
2008,5,20,907.0,914.5
2008,5,21,925.0,923.0
2008,5,22,928.25,922.75
2008,5,23,922.25,927.5
2008,5,27,923.75,906.75
2008,5,28,892.0,902.5
2008,5,29,893.0,883.0
2008,5,30,879.5,885.75
2008,6,2,891.25,888.25
2008,6,3,895.5,879.25
2008,6,4,877.25,883.5
2008,6,5,873.0,878.75
2008,6,6,883.5,890.5
2008,6,9,904.25,896.25
2008,6,10,884.5,878.0
2008,6,11,874.25,876.25
2008,6,12,871.25,862.25
2008,6,13,864.0,866.0
2008,6,16,872.0,888.25
2008,6,17,883.0,881.5
2008,6,18,884.0,887.5
2008,6,19,893.25,903.0
2008,6,20,900.0,907.5
2008,6,23,905.25,881.0
2008,6,24,888.5,889.5
2008,6,25,887.25,882.75
2008,6,26,892.5,909.5
2008,6,27,923.0,919.5
2008,6,30,932.75,930.25
2008,7,1,929.5,937.5
2008,7,2,936.0,935.25
2008,7,3,939.75,934.0
2008,7,4,930.75,931.25
2008,7,7,921.0,916.75
2008,7,8,929.25,921.0
2008,7,9,923.25,927.25
2008,7,10,930.75,939.5
2008,7,11,949.0,962.75
2008,7,14,957.75,968.0
2008,7,15,981.75,986.0
2008,7,16,974.0,977.5
2008,7,17,964.5,965.5
2008,7,18,961.5,959.75
2008,7,21,966.25,960.5
2008,7,22,973.0,961.5
2008,7,23,934.75,926.5
2008,7,24,927.75,928.0
2008,7,25,932.25,920.5
2008,7,28,929.25,923.5
2008,7,29,928.75,916.75
2008,7,30,914.1,897.5
2008,7,31,912.0,918.0
2008,8,1,909.5,912.5
2008,8,4,910.0,905.75
2008,8,5,884.0,882.0
2008,8,6,884.75,879.5
2008,8,7,882.5,871.5
2008,8,8,864.5,852.5
2008,8,11,863.75,852.5
2008,8,12,808.75,817.75
2008,8,13,824.0,818.5
2008,8,14,833.25,818.0
2008,8,15,784.75,786.5
2008,8,18,797.5,796.25
2008,8,19,791.0,788.75
2008,8,20,806.75,815.75
2008,8,21,821.0,833.5
2008,8,22,830.0,824.0
2008,8,26,809.75,827.0
2008,8,27,833.5,827.0
2008,8,28,832.0,838.25
2008,8,29,836.5,833.0
2008,9,1,832.0,822.25
2008,9,2,802.5,798.5
2008,9,3,794.5,803.5
2008,9,4,810.5,805.75
2008,9,5,796.25,808.5
2008,9,8,806.5,808.0
2008,9,9,799.75,781.75
2008,9,10,774.25,775.75
2008,9,11,742.75,740.75
2008,9,12,757.5,750.25
2008,9,15,779.25,775.0
2008,9,16,779.75,779.5
2008,9,17,785.5,813.0
2008,9,18,864.25,863.0
2008,9,19,837.5,869.0
2008,9,22,873.0,889.0
2008,9,23,892.5,899.0
2008,9,24,888.5,896.0
2008,9,25,889.0,888.5
2008,9,26,869.0,902.0
2008,9,29,876.5,905.0
2008,9,30,897.0,884.5
2008,10,1,876.0,880.0
2008,10,2,866.25,852.0
2008,10,3,842.5,828.0
2008,10,6,836.5,875.5
2008,10,7,881.75,876.75
2008,10,8,913.0,903.5
2008,10,9,886.75,883.5
2008,10,10,918.0,900.5
2008,10,13,865.0,831.5
2008,10,14,849.5,832.5
2008,10,15,848.5,847.0
2008,10,16,834.5,802.5
2008,10,17,801.0,784.5
2008,10,20,803.0,795.0
2008,10,21,781.0,772.0
2008,10,22,757.5,744.0
2008,10,23,726.0,720.0
2008,10,24,692.5,712.5
2008,10,27,720.5,730.5
2008,10,28,745.0,730.5
2008,10,29,749.25,764.0
2008,10,30,772.25,755.25
2008,10,31,728.5,730.75
2008,11,3,734.0,729.5
2008,11,4,734.0,741.25
2008,11,5,753.25,753.75
2008,11,6,739.0,754.5
2008,11,7,742.0,735.25
2008,11,10,751.75,753.0
2008,11,11,741.75,733.75
2008,11,12,731.5,724.75
2008,11,13,714.0,713.5
2008,11,14,729.5,747.5
2008,11,17,745.0,734.0
2008,11,18,736.5,738.0
2008,11,19,737.75,762.0
2008,11,20,745.25,738.0
2008,11,21,758.5,774.5
2008,11,24,816.75,822.5
2008,11,25,802.5,820.5
2008,11,26,817.0,812.5
2008,11,27,813.5,814.0
2008,11,28,813.5,814.5
2008,12,1,795.5,778.0
2008,12,2,772.5,780.0
2008,12,3,773.5,766.25
2008,12,4,772.75,773.25
2008,12,5,771.75,749.0
2008,12,8,772.25,767.25
2008,12,9,771.0,767.75
2008,12,10,785.75,802.25
2008,12,11,821.0,827.75
2008,12,12,813.75,826.5
2008,12,15,827.5,826.0
2008,12,16,833.5,838.25
2008,12,17,853.75,870.0
2008,12,18,872.5,855.25
2008,12,19,839.0,835.75
2008,12,22,846.0,849.0
2008,12,23,844.0,843.5
2008,12,29,881.0,880.25
2008,12,30,870.0,869.75
