year,month,day,Gold Price Fix AM in US dollars per troy ounce,Gold Price Fix PM in US dollars per troy ounce
2009,1,2,869.75,874.5
2009,1,5,860.0,853.5
2009,1,6,844.0,848.25
2009,1,7,864.0,848.5
2009,1,8,842.5,855.75
2009,1,9,854.0,847.25
2009,1,12,848.5,827.0
2009,1,13,815.5,826.5
2009,1,14,827.25,821.5
2009,1,15,813.0,810.0
2009,1,16,824.25,833.75
2009,1,19,842.5,833.0
2009,1,20,835.0,853.25
2009,1,21,860.5,849.25
2009,1,22,847.75,860.0
2009,1,23,873.0,875.75
2009,1,26,906.5,910.25
2009,1,27,896.0,897.5
2009,1,28,891.25,895.25
2009,1,29,878.5,892.25
2009,1,30,918.5,919.5
2009,2,2,913.75,918.25
2009,2,3,902.0,904.5
2009,2,4,902.25,905.0
2009,2,5,914.75,920.0
2009,2,6,914.0,913.0
2009,2,9,901.0,895.0
2009,2,10,896.0,909.75
2009,2,11,922.0,938.0
2009,2,12,944.0,943.25
2009,2,13,939.25,935.5
2009,2,16,943.0,942.5
2009,2,17,962.25,968.0
2009,2,18,964.75,964.0
2009,2,19,973.5,980.5
2009,2,20,981.0,989.0
2009,2,23,987.0,985.75
2009,2,24,989.75,984.25
2009,2,25,956.25,978.5
2009,2,26,945.0,936.5
2009,2,27,943.75,952.0
2009,3,2,949.5,937.25
2009,3,3,924.75,913.75
2009,3,4,911.0,908.5
2009,3,5,913.25,913.0
2009,3,6,937.75,936.0
2009,3,9,934.75,923.75
2009,3,10,911.5,901.5
2009,3,11,900.0,899.5
2009,3,12,914.5,925.25
2009,3,13,920.0,928.0
2009,3,16,923.0,919.5
2009,3,17,920.0,915.5
2009,3,18,910.75,893.25
2009,3,19,937.25,956.5
2009,3,20,957.0,954.0
2009,3,23,952.75,949.25
2009,3,24,928.75,923.75
2009,3,25,921.25,929.0
2009,3,26,935.5,938.25
2009,3,27,927.0,924.0
2009,3,30,923.0,928.0
2009,3,31,918.5,916.5
2009,4,1,919.5,924.5
2009,4,2,914.75,897.75
2009,4,3,901.5,905.0
2009,4,6,879.5,870.25
2009,4,7,879.25,879.75
2009,4,8,887.25,880.0
2009,4,9,883.75,880.5
2009,4,14,895.0,887.5
2009,4,15,892.25,891.0
2009,4,16,889.0,880.5
2009,4,17,872.0,870.5
2009,4,20,870.0,877.0
2009,4,21,888.75,888.75
2009,4,22,885.0,886.0
2009,4,23,894.5,897.5
2009,4,24,909.0,907.5
2009,4,27,911.75,907.5
2009,4,28,897.0,891.0
2009,4,29,894.5,898.25
2009,4,30,889.0,883.25
2009,5,1,881.5,884.5
2009,5,5,903.0,910.0
2009,5,6,903.5,910.0
2009,5,7,912.75,912.25
2009,5,8,917.5,907.0
2009,5,11,912.5,913.0
2009,5,12,920.0,917.0
2009,5,13,925.75,924.0
2009,5,14,923.25,925.25
2009,5,15,925.0,929.5
2009,5,18,929.75,921.0
2009,5,19,921.5,924.75
2009,5,20,928.5,939.5
2009,5,21,940.0,937.5
2009,5,22,952.5,959.75
2009,5,26,942.0,945.0
2009,5,27,949.5,951.0
2009,5,28,949.75,957.75
2009,5,29,972.0,975.5
2009,6,1,987.0,981.75
2009,6,2,973.5,980.0
2009,6,3,979.0,976.75
2009,6,4,967.25,970.75
2009,6,5,977.75,962.0
2009,6,8,946.5,943.75
2009,6,9,952.5,956.0
2009,6,10,961.25,953.75
2009,6,11,953.0,947.5
2009,6,12,950.0,937.25
2009,6,15,932.0,932.25
2009,6,16,936.75,934.0
2009,6,17,933.75,930.5
2009,6,18,936.75,940.5
2009,6,19,933.75,935.25
2009,6,22,924.0,919.25
2009,6,23,920.25,920.75
2009,6,24,928.75,933.5
2009,6,25,934.25,937.25
2009,6,26,943.0,942.0
2009,6,29,939.75,935.5
2009,6,30,941.0,934.5
2009,7,1,931.5,938.25
2009,7,2,936.0,929.5
2009,7,3,932.5,932.5
2009,7,6,921.5,924.5
2009,7,7,925.75,924.0
2009,7,8,920.75,918.0
2009,7,9,914.75,911.75
2009,7,10,910.0,913.0
2009,7,13,908.5,908.5
2009,7,14,921.75,924.75
2009,7,15,930.0,938.0
2009,7,16,935.25,935.0
2009,7,17,934.5,937.5
2009,7,20,952.25,952.75
2009,7,21,947.75,947.75
2009,7,22,945.5,948.25
2009,7,23,955.25,950.0
2009,7,24,949.75,951.5
2009,7,27,956.0,955.0
2009,7,28,955.0,944.25
2009,7,29,935.5,931.0
2009,7,30,932.0,932.5
2009,7,31,936.5,939.0
2009,8,3,954.25,959.75
2009,8,4,953.5,960.5
2009,8,5,964.5,960.5
2009,8,6,960.75,964.0
2009,8,7,960.5,956.0
2009,8,10,953.5,945.0
2009,8,11,946.0,942.75
2009,8,12,943.5,947.25
2009,8,13,956.0,953.5
2009,8,14,957.5,953.5
2009,8,17,937.5,932.75
2009,8,18,938.25,935.0
2009,8,19,934.25,943.0
2009,8,20,943.5,940.5
2009,8,21,941.5,952.5
2009,8,24,953.75,951.5
2009,8,25,947.5,950.5
2009,8,26,949.5,940.5
2009,8,27,943.5,943.0
2009,8,28,950.75,955.5
2009,9,1,949.75,955.0
2009,9,2,955.0,964.75
2009,9,3,982.5,983.0
2009,9,4,987.25,989.0
2009,9,7,992.75,993.0
2009,9,8,1004.5,1000.75
2009,9,9,995.75,999.5
2009,9,10,988.5,990.75
2009,9,11,998.25,1008.25
2009,9,14,994.25,999.25
2009,9,15,997.5,996.0
2009,9,16,1017.0,1015.75
2009,9,17,1020.5,1018.5
2009,9,18,1014.0,1012.0
2009,9,21,999.25,997.0
2009,9,22,1015.75,1014.0
2009,9,23,1014.75,1010.25
2009,9,24,1014.0,1009.75
2009,9,25,997.0,991.5
2009,9,28,990.5,991.75
2009,9,29,991.75,989.5
2009,9,30,1001.25,995.75
2009,10,1,1005.75,1004.75
2009,10,2,998.0,1003.5
2009,10,5,1004.25,1005.5
2009,10,6,1020.25,1038.75
2009,10,7,1047.0,1040.25
2009,10,8,1054.75,1045.0
2009,10,9,1046.75,1051.5
2009,10,12,1052.0,1058.75
2009,10,13,1064.5,1057.5
2009,10,14,1066.0,1059.5
2009,10,15,1052.5,1053.5
2009,10,16,1047.75,1047.5
2009,10,19,1054.5,1050.5
2009,10,20,1064.0,1061.75
2009,10,21,1053.5,1053.75
2009,10,22,1054.75,1053.0
2009,10,23,1061.25,1061.75
2009,10,26,1055.0,1054.0
2009,10,27,1040.75,1036.5
2009,10,28,1035.5,1031.75
2009,10,29,1034.0,1040.5
2009,10,30,1044.5,1040.0
2009,11,2,1052.0,1062.0
2009,11,3,1058.0,1061.0
2009,11,4,1091.75,1090.0
2009,11,5,1088.0,1089.0
2009,11,6,1095.0,1096.75
2009,11,9,1108.5,1106.75
2009,11,10,1099.75,1101.5
2009,11,11,1114.75,1115.25
2009,11,12,1116.0,1114.75
2009,11,13,1107.5,1104.0
2009,11,16,1128.75,1130.0
2009,11,17,1131.75,1134.75
2009,11,18,1146.0,1149.0
2009,11,19,1136.0,1135.5
2009,11,20,1142.5,1140.0
2009,11,23,1166.0,1169.5
2009,11,24,1170.25,1163.25
2009,11,25,1176.5,1179.75
2009,11,26,1183.0,1182.75
2009,11,27,1164.5,1166.5
2009,11,30,1172.0,1175.75
2009,12,1,1193.5,1192.5
2009,12,2,1211.5,1212.5
2009,12,3,1218.25,1208.75
2009,12,4,1203.25,1190.25
2009,12,7,1147.5,1142.5
2009,12,8,1164.25,1146.75
2009,12,9,1142.25,1141.0
2009,12,10,1125.75,1128.5
2009,12,11,1140.0,1124.0
2009,12,14,1120.0,1123.75
2009,12,15,1115.0,1122.0
2009,12,16,1134.0,1137.5
2009,12,17,1121.5,1117.0
2009,12,18,1106.5,1104.5
2009,12,21,1113.25,1105.5
2009,12,22,1094.25,1084.0
2009,12,23,1080.5,1085.25
2009,12,29,1103.0,1106.0
2009,12,30,1092.5,1087.5
2009,12,31,1104.0,869.75
