year,month,day,Gold Price Fix AM in US dollars per troy ounce,Gold Price Fix PM in US dollars per troy ounce
2010,1,4,1113.0,1121.5
2010,1,5,1125.25,1123.25
2010,1,6,1125.0,1130.0
2010,1,7,1130.75,1130.25
2010,1,8,1121.75,1126.75
2010,1,11,1158.0,1153.0
2010,1,12,1152.75,1151.25
2010,1,13,1132.75,1127.25
2010,1,14,1137.5,1138.25
2010,1,15,1132.0,1128.0
2010,1,18,1135.75,1134.5
2010,1,19,1134.0,1133.0
2010,1,20,1129.0,1120.25
2010,1,21,1104.0,1108.25
2010,1,22,1096.5,1084.0
2010,1,25,1103.5,1095.25
2010,1,26,1090.75,1093.25
2010,1,27,1094.75,1094.75
2010,1,28,1091.75,1088.0
2010,1,29,1082.75,1078.5
2010,2,1,1082.0,1086.5
2010,2,2,1114.0,1111.0
2010,2,3,1118.5,1115.25
2010,2,4,1102.5,1083.25
2010,2,5,1052.25,1058.0
2010,2,8,1070.0,1064.0
2010,2,9,1068.0,1071.25
2010,2,10,1075.5,1069.5
2010,2,11,1079.5,1076.25
2010,2,12,1078.25,1082.0
2010,2,15,1099.5,1098.25
2010,2,16,1115.25,1115.25
2010,2,17,1118.25,1119.0
2010,2,18,1105.5,1118.0
2010,2,19,1107.0,1112.75
2010,2,22,1119.75,1115.25
2010,2,23,1112.0,1107.0
2010,2,24,1093.0,1103.0
2010,2,25,1092.75,1094.5
2010,2,26,1112.5,1108.25
2010,3,1,1117.25,1114.0
2010,3,2,1116.0,1126.5
2010,3,3,1136.25,1136.5
2010,3,4,1136.25,1134.5
2010,3,5,1135.0,1135.0
2010,3,8,1134.0,1125.75
2010,3,9,1120.0,1115.75
2010,3,10,1124.5,1120.5
2010,3,11,1106.0,1104.0
2010,3,12,1118.75,1106.25
2010,3,15,1104.0,1104.25
2010,3,16,1113.25,1124.75
2010,3,17,1131.25,1121.75
2010,3,18,1122.75,1122.75
2010,3,19,1121.5,1105.5
2010,3,22,1104.25,1097.25
2010,3,23,1100.75,1101.5
2010,3,24,1094.0,1090.75
2010,3,25,1093.5,1093.0
2010,3,26,1098.0,1096.5
2010,3,29,1111.25,1107.5
2010,3,30,1109.75,1107.0
2010,3,31,1109.5,1115.5
2010,4,1,1116.0,1123.5
2010,4,6,1124.0,1132.75
2010,4,7,1133.25,1142.0
2010,4,8,1146.5,1148.0
2010,4,9,1156.0,1152.5
2010,4,12,1163.5,1158.75
2010,4,13,1149.25,1148.25
2010,4,14,1159.0,1153.75
2010,4,15,1151.25,1154.5
2010,4,16,1157.0,1151.5
2010,4,19,1127.5,1136.25
2010,4,20,1142.5,1144.75
2010,4,21,1143.75,1143.0
2010,4,22,1144.25,1133.75
2010,4,23,1140.0,1139.5
2010,4,26,1154.0,1154.5
2010,4,27,1152.25,1149.5
2010,4,28,1164.25,1161.0
2010,4,29,1170.0,1166.75
2010,4,30,1175.25,1179.25
2010,5,4,1184.25,1185.0
2010,5,5,1172.0,1165.0
2010,5,6,1178.0,1185.25
2010,5,7,1199.6,1202.25
2010,5,10,1188.25,1196.5
2010,5,11,1209.0,1222.5
2010,5,12,1241.25,1237.5
2010,5,13,1235.0,1237.5
2010,5,14,1238.75,1236.5
2010,5,17,1230.25,1236.0
2010,5,18,1215.0,1216.75
2010,5,19,1209.5,1195.0
2010,5,20,1187.25,1192.0
2010,5,21,1183.5,1179.75
2010,5,24,1183.75,1187.0
2010,5,25,1189.5,1198.25
2010,5,26,1212.5,1212.0
2010,5,27,1210.75,1211.0
2010,5,28,1214.0,1207.5
2010,6,1,1219.75,1227.75
2010,6,2,1221.0,1215.0
2010,6,3,1219.75,1215.0
2010,6,4,1203.5,1203.5
2010,6,7,1212.4,1215.0
2010,6,8,1248.0,1246.0
2010,6,9,1235.0,1233.5
2010,6,10,1220.0,1217.5
2010,6,11,1220.5,1220.0
2010,6,14,1229.5,1223.75
2010,6,15,1223.0,1225.0
2010,6,16,1235.5,1234.5
2010,6,17,1234.5,1245.0
2010,6,18,1244.0,1256.0
2010,6,21,1259.5,1254.5
2010,6,22,1235.25,1236.0
2010,6,23,1243.0,1226.5
2010,6,24,1233.25,1236.25
2010,6,25,1242.5,1254.0
2010,6,28,1256.0,1261.0
2010,6,29,1236.0,1234.5
2010,6,30,1240.5,1244.0
2010,7,1,1240.0,1234.0
2010,7,2,1210.5,1201.5
2010,7,5,1208.5,1208.0
2010,7,6,1210.75,1195.0
2010,7,7,1186.0,1193.25
2010,7,8,1201.25,1193.5
2010,7,9,1196.25,1208.75
2010,7,12,1203.75,1205.5
2010,7,13,1206.5,1216.0
2010,7,14,1212.25,1207.0
2010,7,15,1211.75,1208.0
2010,7,16,1204.75,1189.25
2010,7,19,1190.25,1181.0
2010,7,20,1181.5,1183.0
2010,7,21,1191.25,1191.5
2010,7,22,1187.0,1199.5
2010,7,23,1198.75,1190.5
2010,7,26,1189.0,1183.5
2010,7,27,1184.0,1168.0
2010,7,28,1164.0,1157.0
2010,7,29,1166.0,1162.5
2010,7,30,1168.0,1169.0
2010,8,2,1178.0,1188.5
2010,8,3,1184.0,1187.5
2010,8,4,1194.5,1199.5
2010,8,5,1195.5,1192.5
2010,8,6,1194.5,1207.75
2010,8,9,1206.0,1203.0
2010,8,10,1196.75,1192.5
2010,8,11,1198.0,1205.5
2010,8,12,1200.0,1213.0
2010,8,13,1215.0,1214.25
2010,8,16,1222.0,1223.5
2010,8,17,1226.25,1226.0
2010,8,18,1223.0,1218.0
2010,8,19,1228.0,1233.5
2010,8,20,1230.5,1223.5
2010,8,23,1227.0,1226.0
2010,8,24,1218.0,1222.0
2010,8,25,1237.5,1237.5
2010,8,26,1240.25,1237.0
2010,8,27,1234.5,1235.0
2010,8,31,1233.5,1246.0
2010,9,1,1250.0,1246.5
2010,9,2,1247.75,1248.5
2010,9,3,1252.0,1240.5
2010,9,6,1249.5,1249.0
2010,9,7,1247.25,1256.75
2010,9,8,1258.0,1255.0
2010,9,9,1253.5,1255.0
2010,9,10,1248.75,1246.5
2010,9,13,1243.0,1243.75
2010,9,14,1253.25,1265.5
2010,9,15,1270.4,1267.0
2010,9,16,1271.25,1272.5
2010,9,17,1281.5,1274.0
2010,9,20,1280.25,1279.25
2010,9,21,1278.75,1275.0
2010,9,22,1291.75,1293.5
2010,9,23,1291.5,1290.75
2010,9,24,1298.0,1297.0
2010,9,27,1298.25,1297.0
2010,9,28,1289.0,1294.0
2010,9,29,1307.5,1307.5
2010,9,30,1311.0,1307.0
2010,10,1,1313.0,1316.25
2010,10,4,1316.0,1313.5
2010,10,5,1325.75,1330.5
2010,10,6,1347.0,1346.5
2010,10,7,1359.5,1345.0
2010,10,8,1330.5,1341.5
2010,10,11,1348.5,1351.5
2010,10,12,1343.5,1348.5
2010,10,13,1358.5,1365.5
2010,10,14,1380.75,1373.25
2010,10,15,1377.25,1367.5
2010,10,18,1359.75,1367.25
2010,10,19,1367.75,1339.0
2010,10,20,1340.5,1339.0
2010,10,21,1345.25,1343.5
2010,10,22,1319.0,1322.5
2010,10,25,1345.0,1337.5
2010,10,26,1334.0,1329.5
2010,10,27,1332.25,1324.5
2010,10,28,1326.5,1333.5
2010,10,29,1336.75,1346.75
2010,11,1,1361.5,1354.5
2010,11,2,1358.0,1351.0
2010,11,3,1358.5,1345.5
2010,11,4,1361.0,1381.0
2010,11,5,1384.25,1395.5
2010,11,8,1390.0,1388.5
2010,11,9,1416.25,1421.0
2010,11,10,1402.0,1390.5
2010,11,11,1413.0,1398.5
2010,11,12,1387.0,1388.5
2010,11,15,1367.0,1368.5
2010,11,16,1363.25,1349.0
2010,11,17,1336.5,1337.5
2010,11,18,1356.75,1350.25
2010,11,19,1357.5,1342.5
2010,11,22,1357.5,1356.5
2010,11,23,1361.0,1377.5
2010,11,24,1376.25,1372.5
2010,11,25,1370.5,1373.25
2010,11,26,1366.5,1355.0
2010,11,29,1360.0,1357.0
2010,11,30,1375.0,1383.5
2010,12,1,1391.5,1385.5
2010,12,2,1390.0,1389.0
2010,12,3,1391.75,1403.5
2010,12,6,1411.5,1415.25
2010,12,7,1426.0,1420.0
2010,12,8,1395.0,1385.5
2010,12,9,1382.0,1391.25
2010,12,10,1390.0,1375.25
2010,12,13,1388.25,1399.0
2010,12,14,1405.0,1394.5
2010,12,15,1388.25,1388.75
2010,12,16,1384.0,1363.0
2010,12,17,1374.75,1368.5
2010,12,20,1381.0,1380.0
2010,12,21,1386.0,1383.0
2010,12,22,1389.0,1387.0
2010,12,23,1384.0,1373.5
2010,12,29,1403.5,1412.5
2010,12,30,1411.5,1405.5
2010,12,31,1410.25,869.75
