year,month,day,Gold Price Fix AM in US dollars per troy ounce,Gold Price Fix PM in US dollars per troy ounce
2011,1,4,1405.5,1388.5
2011,1,5,1382.75,1368.0
2011,1,6,1376.0,1368.5
2011,1,7,1358.0,1367.0
2011,1,10,1368.25,1368.25
2011,1,11,1381.0,1374.0
2011,1,12,1383.5,1378.75
2011,1,13,1380.75,1381.5
2011,1,14,1369.25,1367.0
2011,1,17,1357.5,1360.5
2011,1,18,1368.75,1369.5
2011,1,19,1373.75,1372.0
2011,1,20,1364.5,1345.5
2011,1,21,1344.0,1343.5
2011,1,24,1347.5,1343.0
2011,1,25,1326.0,1324.0
2011,1,26,1335.5,1328.0
2011,1,27,1337.5,1334.5
2011,1,28,1316.0,1319.0
2011,1,31,1333.5,1327.0
2011,2,1,1337.5,1331.5
2011,2,2,1337.0,1337.0
2011,2,3,1332.5,1328.0
2011,2,4,1347.5,1355.0
2011,2,7,1347.0,1347.5
2011,2,8,1354.0,1363.5
2011,2,9,1362.5,1365.0
2011,2,10,1358.75,1353.25
2011,2,11,1359.0,1364.0
2011,2,14,1356.75,1365.0
2011,2,15,1372.25,1372.75
2011,2,16,1374.5,1371.25
2011,2,17,1377.0,1379.0
2011,2,18,1385.5,1383.5
2011,2,21,1399.5,1403.0
2011,2,22,1394.5,1401.0
2011,2,23,1401.25,1409.25
2011,2,24,1414.5,1411.5
2011,2,25,1405.0,1402.5
2011,2,28,1409.75,1411.0
2011,3,1,1414.5,1420.75
2011,3,2,1430.5,1435.5
2011,3,3,1430.5,1421.5
2011,3,4,1418.0,1427.0
2011,3,7,1437.0,1437.5
2011,3,8,1435.0,1426.25
2011,3,9,1431.5,1431.0
2011,3,10,1424.25,1413.25
2011,3,11,1409.75,1411.5
2011,3,14,1424.5,1422.25
2011,3,15,1407.0,1400.5
2011,3,16,1398.5,1402.0
2011,3,17,1403.5,1403.75
2011,3,18,1415.5,1420.0
2011,3,21,1427.75,1432.0
2011,3,22,1425.5,1426.0
2011,3,23,1433.0,1439.5
2011,3,24,1441.25,1447.0
2011,3,25,1434.0,1436.0
2011,3,28,1420.0,1417.0
2011,3,29,1414.0,1417.5
2011,3,30,1419.0,1425.5
2011,3,31,1431.0,1439.0
2011,4,1,1434.5,1418.0
2011,4,4,1432.5,1435.5
2011,4,5,1434.5,1433.5
2011,4,6,1457.0,1461.5
2011,4,7,1456.5,1459.5
2011,4,8,1470.5,1469.5
2011,4,11,1469.5,1468.0
2011,4,12,1461.25,1450.5
2011,4,13,1458.0,1457.5
2011,4,14,1457.5,1465.75
2011,4,15,1472.5,1476.75
2011,4,18,1484.5,1493.0
2011,4,19,1495.0,1490.5
2011,4,20,1505.0,1501.0
2011,4,21,1507.0,1504.0
2011,4,26,1505.0,1497.5
2011,4,27,1508.0,1511.0
2011,4,28,1531.0,1535.5
2011,5,3,1546.5,1540.25
2011,5,4,1536.0,1541.0
2011,5,5,1514.5,1511.0
2011,5,6,1487.75,1486.5
2011,5,9,1505.0,1502.0
2011,5,10,1517.25,1513.5
2011,5,11,1524.5,1508.0
2011,5,12,1488.25,1489.5
2011,5,13,1511.0,1505.75
2011,5,16,1495.0,1500.75
2011,5,17,1495.5,1478.5
2011,5,18,1491.25,1496.5
2011,5,19,1488.75,1493.0
2011,5,20,1502.75,1490.75
2011,5,23,1508.5,1510.5
2011,5,24,1520.75,1527.0
2011,5,25,1527.0,1526.25
2011,5,26,1521.5,1518.5
2011,5,27,1525.0,1533.0
2011,5,31,1537.0,1536.5
2011,6,1,1532.25,1533.75
2011,6,2,1540.75,1539.5
2011,6,3,1531.0,1540.0
2011,6,6,1542.75,1549.0
2011,6,7,1548.4,1545.0
2011,6,8,1535.5,1537.75
2011,6,9,1534.0,1537.75
2011,6,10,1541.0,1529.25
2011,6,13,1524.7,1526.25
2011,6,14,1519.0,1516.0
2011,6,15,1517.75,1529.75
2011,6,16,1525.0,1523.25
2011,6,17,1526.25,1537.5
2011,6,20,1537.0,1544.0
2011,6,21,1543.0,1544.75
2011,6,22,1546.0,1552.5
2011,6,23,1541.5,1523.0
2011,6,24,1521.0,1514.75
2011,6,27,1501.0,1498.0
2011,6,28,1502.5,1499.0
2011,6,29,1506.0,1504.25
2011,6,30,1508.0,1505.5
2011,7,1,1492.75,1483.0
2011,7,4,1495.25,1495.0
2011,7,5,1498.75,1510.0
2011,7,6,1515.8,1527.25
2011,7,7,1526.25,1527.5
2011,7,8,1526.0,1541.5
2011,7,11,1543.5,1555.5
2011,7,12,1544.5,1550.5
2011,7,13,1571.5,1579.0
2011,7,14,1592.5,1590.5
2011,7,15,1578.5,1587.0
2011,7,18,1598.25,1599.0
2011,7,19,1602.0,1601.0
2011,7,20,1584.25,1586.0
2011,7,21,1600.5,1601.0
2011,7,22,1588.0,1602.0
2011,7,25,1618.5,1613.5
2011,7,26,1610.0,1612.75
2011,7,27,1621.0,1625.0
2011,7,28,1617.5,1613.5
2011,7,29,1613.75,1628.5
2011,8,1,1613.5,1623.0
2011,8,2,1624.0,1637.75
2011,8,3,1667.5,1669.25
2011,8,4,1664.25,1679.5
2011,8,5,1665.0,1658.75
2011,8,8,1709.75,1693.0
2011,8,9,1770.0,1736.0
2011,8,10,1753.75,1772.0
2011,8,11,1786.0,1760.0
2011,8,12,1755.0,1736.0
2011,8,15,1738.0,1739.0
2011,8,16,1779.0,1782.5
2011,8,17,1792.0,1790.0
2011,8,18,1794.5,1824.0
2011,8,19,1862.0,1848.0
2011,8,22,1877.75,1877.5
2011,8,23,1886.5,1876.0
2011,8,24,1850.0,1770.0
2011,8,25,1716.5,1729.0
2011,8,26,1787.0,1788.0
2011,8,30,1791.0,1825.0
2011,8,31,1826.0,1813.5
2011,9,1,1815.5,1821.0
2011,9,2,1854.0,1875.25
2011,9,5,1896.5,1895.0
2011,9,6,1891.0,1895.0
2011,9,7,1844.0,1810.0
2011,9,8,1827.0,1855.0
2011,9,9,1879.5,1851.0
2011,9,12,1843.0,1834.0
2011,9,13,1806.0,1820.0
2011,9,14,1829.0,1818.5
2011,9,15,1806.0,1782.0
2011,9,16,1778.0,1794.0
2011,9,19,1817.0,1794.0
2011,9,20,1792.0,1799.0
2011,9,21,1810.25,1793.0
2011,9,22,1765.5,1722.0
2011,9,23,1730.0,1689.0
2011,9,26,1615.0,1598.0
2011,9,27,1671.0,1659.0
2011,9,28,1655.0,1643.0
2011,9,29,1620.0,1613.0
2011,9,30,1629.0,1620.0
2011,10,3,1660.0,1655.5
2011,10,4,1672.0,1638.0
2011,10,5,1600.0,1617.0
2011,10,6,1649.5,1635.0
2011,10,7,1651.0,1652.0
2011,10,10,1664.0,1661.0
2011,10,11,1662.0,1663.0
2011,10,12,1687.0,1682.0
2011,10,13,1673.0,1656.0
2011,10,14,1676.0,1678.0
2011,10,17,1689.0,1682.0
2011,10,18,1658.0,1631.0
2011,10,19,1651.0,1652.5
2011,10,20,1629.0,1620.0
2011,10,21,1623.0,1642.5
2011,10,24,1651.0,1652.0
2011,10,25,1656.25,1656.0
2011,10,26,1713.0,1715.0
2011,10,27,1708.0,1718.0
2011,10,28,1735.0,1741.0
2011,10,31,1718.0,1722.0
2011,11,1,1702.0,1699.0
2011,11,2,1731.0,1743.0
2011,11,3,1732.5,1758.0
2011,11,4,1756.0,1749.0
2011,11,7,1764.0,1782.0
2011,11,8,1794.0,1795.0
2011,11,9,1780.0,1784.0
2011,11,10,1766.0,1756.0
2011,11,11,1764.0,1773.0
2011,11,14,1780.5,1776.0
2011,11,15,1765.0,1785.0
2011,11,16,1773.0,1756.0
2011,11,17,1756.0,1742.5
2011,11,18,1730.0,1719.0
2011,11,21,1704.0,1702.0
2011,11,22,1697.5,1699.0
2011,11,23,1686.0,1681.0
2011,11,24,1699.0,1692.5
2011,11,25,1676.0,1688.5
2011,11,28,1714.0,1714.0
2011,11,29,1717.0,1717.0
2011,11,30,1704.0,1746.0
2011,12,1,1750.0,1752.0
2011,12,2,1751.0,1747.0
2011,12,5,1744.0,1744.0
2011,12,6,1720.0,1708.0
2011,12,7,1731.0,1735.5
2011,12,8,1739.0,1715.0
2011,12,9,1712.0,1709.0
2011,12,12,1680.0,1659.5
2011,12,13,1665.0,1672.5
2011,12,14,1635.0,1603.0
2011,12,15,1590.0,1574.0
2011,12,16,1589.5,1594.0
2011,12,19,1593.0,1598.0
2011,12,20,1605.0,1613.5
2011,12,21,1637.5,1608.0
2011,12,22,1609.0,1606.5
2011,12,28,1584.0,1571.0
2011,12,29,1537.5,1531.0
2011,12,30,1574.5,1412.5
