year,month,day,Gold Price Fix AM in US dollars per troy ounce,Gold Price Fix PM in US dollars per troy ounce
2012,1,3,1590.0,1598.0
2012,1,4,1603.0,1613.0
2012,1,5,1614.5,1599.0
2012,1,6,1621.0,1616.5
2012,1,9,1618.0,1615.0
2012,1,10,1627.0,1637.0
2012,1,11,1641.0,1634.5
2012,1,12,1652.5,1661.0
2012,1,13,1642.0,1635.5
2012,1,16,1643.5,1641.0
2012,1,17,1662.0,1656.0
2012,1,18,1657.0,1647.0
2012,1,19,1664.0,1655.0
2012,1,20,1646.0,1653.0
2012,1,23,1675.0,1675.5
2012,1,24,1669.0,1665.5
2012,1,25,1659.0,1650.0
2012,1,26,1713.0,1727.0
2012,1,27,1722.0,1726.0
2012,1,30,1720.5,1729.0
2012,1,31,1738.0,1744.0
2012,2,1,1744.0,1740.0
2012,2,2,1747.5,1751.0
2012,2,3,1759.5,1734.0
2012,2,6,1717.0,1719.0
2012,2,7,1720.0,1724.0
2012,2,8,1743.0,1746.0
2012,2,9,1733.0,1748.0
2012,2,10,1715.5,1711.5
2012,2,13,1727.0,1720.0
2012,2,14,1721.0,1722.0
2012,2,15,1725.5,1733.0
2012,2,16,1716.0,1713.0
2012,2,17,1732.0,1723.0
2012,2,20,1729.5,1733.0
2012,2,21,1737.0,1748.0
2012,2,22,1754.75,1752.0
2012,2,23,1776.5,1777.0
2012,2,24,1778.5,1777.5
2012,2,27,1765.0,1772.0
2012,2,28,1774.75,1781.0
2012,2,29,1788.0,1770.0
2012,3,1,1721.0,1714.0
2012,3,2,1714.5,1707.0
2012,3,5,1698.0,1705.0
2012,3,6,1685.5,1669.0
2012,3,7,1682.5,1677.5
2012,3,8,1701.5,1690.0
2012,3,9,1699.5,1687.5
2012,3,12,1705.25,1697.5
2012,3,13,1694.75,1690.0
2012,3,14,1662.0,1644.25
2012,3,15,1646.75,1648.0
2012,3,16,1649.0,1658.0
2012,3,19,1654.0,1661.5
2012,3,20,1648.5,1656.75
2012,3,21,1656.0,1649.25
2012,3,22,1636.0,1635.5
2012,3,23,1651.0,1664.0
2012,3,26,1658.0,1680.25
2012,3,27,1694.0,1692.0
2012,3,28,1677.0,1676.0
2012,3,29,1655.75,1657.5
2012,3,30,1660.75,1662.5
2012,4,2,1664.0,1677.5
2012,4,3,1674.75,1676.25
2012,4,4,1631.75,1621.0
2012,4,5,1622.5,1631.0
2012,4,10,1643.75,1644.0
2012,4,11,1654.0,1658.0
2012,4,12,1655.5,1668.5
2012,4,13,1670.5,1666.5
2012,4,16,1648.25,1653.0
2012,4,17,1652.0,1635.5
2012,4,18,1646.5,1644.0
2012,4,19,1642.0,1650.0
2012,4,20,1640.0,1641.5
2012,4,23,1632.0,1629.0
2012,4,24,1638.75,1649.5
2012,4,25,1641.25,1637.75
2012,4,26,1648.25,1653.5
2012,4,27,1654.0,1663.5
2012,4,30,1662.5,1651.25
2012,5,1,1661.25,1664.0
2012,5,2,1652.5,1648.0
2012,5,3,1642.5,1637.75
2012,5,4,1629.5,1643.75
2012,5,8,1627.0,1602.5
2012,5,9,1585.5,1582.5
2012,5,10,1590.0,1598.5
2012,5,11,1580.75,1583.0
2012,5,14,1563.0,1558.5
2012,5,15,1559.0,1556.5
2012,5,16,1537.5,1548.5
2012,5,17,1547.0,1554.0
2012,5,18,1588.0,1589.5
2012,5,21,1590.25,1592.5
2012,5,22,1575.75,1582.5
2012,5,23,1555.0,1549.0
2012,5,24,1558.5,1568.5
2012,5,25,1560.5,1569.5
2012,5,28,1579.0,1574.6
2012,5,29,1573.75,1579.5
2012,5,30,1548.75,1540.0
2012,5,31,1567.5,1558.0
2012,6,1,1552.5,1606.0
2012,6,6,1633.25,1635.0
2012,6,7,1620.75,1606.0
2012,6,8,1576.0,1576.5
2012,6,11,1593.0,1584.0
2012,6,12,1589.25,1603.5
2012,6,13,1612.75,1619.5
2012,6,14,1619.0,1613.5
2012,6,15,1622.25,1627.25
2012,6,18,1623.5,1615.5
2012,6,19,1628.5,1625.5
2012,6,20,1618.75,1601.0
2012,6,21,1600.0,1582.0
2012,6,22,1570.5,1565.5
2012,6,25,1569.0,1570.0
2012,6,26,1583.25,1576.0
2012,6,27,1567.5,1573.5
2012,6,28,1567.75,1558.5
2012,6,29,1569.5,1598.5
2012,7,2,1596.25,1592.0
2012,7,3,1608.5,1617.5
2012,7,4,1617.0,1613.5
2012,7,5,1616.75,1604.0
2012,7,6,1591.75,1587.0
2012,7,9,1581.0,1585.0
2012,7,10,1594.5,1595.25
2012,7,11,1576.5,1577.0
2012,7,12,1565.5,1556.25
2012,7,13,1579.0,1595.5
2012,7,16,1584.0,1589.75
2012,7,17,1595.0,1585.25
2012,7,18,1579.5,1575.25
2012,7,19,1580.0,1584.0
2012,7,20,1583.0,1576.25
2012,7,23,1571.5,1572.25
2012,7,24,1573.0,1583.25
2012,7,25,1587.5,1601.0
2012,7,26,1603.0,1618.0
2012,7,27,1618.75,1618.25
2012,7,30,1616.5,1617.75
2012,7,31,1622.75,1622.0
2012,8,1,1614.75,1599.0
2012,8,2,1604.5,1597.0
2012,8,3,1595.0,1602.0
2012,8,6,1606.75,1610.0
2012,8,7,1613.0,1611.0
2012,8,8,1607.0,1613.25
2012,8,9,1612.75,1615.0
2012,8,10,1608.5,1618.5
2012,8,13,1622.25,1622.5
2012,8,14,1614.5,1597.75
2012,8,15,1594.75,1601.75
2012,8,16,1603.5,1604.5
2012,8,17,1616.5,1614.75
2012,8,20,1615.25,1615.0
2012,8,21,1624.0,1639.5
2012,8,22,1640.5,1642.0
2012,8,23,1662.5,1665.25
2012,8,24,1666.5,1667.0
2012,8,28,1663.5,1668.0
2012,8,29,1664.25,1660.0
2012,8,30,1657.0,1660.5
2012,8,31,1657.75,1648.5
2012,9,3,1686.0,1691.5
2012,9,4,1691.5,1697.0
2012,9,5,1689.5,1690.0
2012,9,6,1708.5,1701.0
2012,9,7,1696.0,1728.0
2012,9,10,1732.75,1732.0
2012,9,11,1731.0,1736.75
2012,9,12,1742.75,1737.0
2012,9,13,1730.5,1733.25
2012,9,14,1772.5,1775.5
2012,9,17,1767.25,1770.0
2012,9,18,1756.75,1769.5
2012,9,19,1774.5,1766.75
2012,9,20,1760.0,1758.5
2012,9,21,1773.75,1784.5
2012,9,24,1758.5,1762.5
2012,9,25,1766.75,1771.5
2012,9,26,1763.75,1744.75
2012,9,27,1755.25,1763.0
2012,9,28,1781.0,1776.0
2012,10,1,1770.5,1787.0
2012,10,2,1778.5,1775.5
2012,10,3,1777.25,1775.25
2012,10,4,1786.5,1791.75
2012,10,5,1790.0,1784.0
2012,10,8,1769.0,1773.5
2012,10,9,1770.75,1774.0
2012,10,10,1763.0,1761.25
2012,10,11,1767.25,1769.0
2012,10,12,1767.0,1766.75
2012,10,15,1747.25,1736.0
2012,10,16,1737.5,1746.5
2012,10,17,1747.75,1749.0
2012,10,18,1748.0,1743.0
2012,10,19,1732.75,1737.0
2012,10,22,1725.0,1726.75
2012,10,23,1717.0,1711.0
2012,10,24,1708.5,1706.5
2012,10,25,1715.0,1715.5
2012,10,26,1704.0,1716.0
2012,10,29,1712.0,1707.0
2012,10,30,1713.5,1710.0
2012,10,31,1718.0,1719.0
2012,11,1,1723.25,1716.25
2012,11,2,1708.25,1685.0
2012,11,5,1679.0,1683.5
2012,11,6,1691.75,1691.0
2012,11,7,1730.5,1715.25
2012,11,8,1715.0,1717.0
2012,11,9,1732.75,1738.25
2012,11,12,1735.75,1735.25
2012,11,13,1724.75,1726.25
2012,11,14,1724.5,1725.75
2012,11,15,1723.5,1710.0
2012,11,16,1710.0,1713.5
2012,11,19,1723.25,1730.5
2012,11,20,1734.0,1732.25
2012,11,21,1726.75,1724.0
2012,11,22,1729.75,1731.0
2012,11,23,1734.75,1734.5
2012,11,26,1747.25,1750.5
2012,11,27,1747.25,1746.25
2012,11,28,1741.0,1708.0
2012,11,29,1724.5,1725.0
2012,11,30,1728.25,1726.0
2012,12,3,1718.0,1720.0
2012,12,4,1706.75,1697.75
2012,12,5,1703.0,1694.0
2012,12,6,1693.0,1694.25
2012,12,7,1697.0,1701.5
2012,12,10,1708.5,1712.5
2012,12,11,1709.75,1710.0
2012,12,12,1712.5,1716.25
2012,12,13,1694.75,1692.75
2012,12,14,1696.5,1696.25
2012,12,17,1690.0,1695.75
2012,12,18,1699.5,1694.0
2012,12,19,1674.5,1665.0
2012,12,20,1667.0,1650.5
2012,12,21,1648.25,1651.5
2012,12,27,1655.25,1655.5
2012,12,28,1658.75,1657.5
