year,month,day,Gold Price Fix AM in US dollars per troy ounce,Gold Price Fix PM in US dollars per troy ounce
2013,1,2,1681.5,1693.75
2013,1,3,1684.5,1679.5
2013,1,4,1632.25,1648.0
2013,1,7,1653.75,1645.25
2013,1,8,1653.75,1656.0
2013,1,9,1663.5,1657.75
2013,1,10,1663.0,1675.0
2013,1,11,1669.5,1657.5
2013,1,14,1667.75,1666.5
2013,1,15,1681.0,1680.5
2013,1,16,1679.75,1676.25
2013,1,17,1683.25,1675.0
2013,1,18,1690.0,1688.5
2013,1,21,1688.0,1687.5
2013,1,22,1692.5,1690.5
2013,1,23,1692.25,1690.25
2013,1,24,1677.0,1671.0
2013,1,25,1670.25,1660.0
2013,1,28,1656.75,1656.5
2013,1,29,1660.5,1663.5
2013,1,30,1666.25,1677.5
2013,1,31,1674.5,1664.75
2013,2,1,1665.0,1669.0
2013,2,4,1664.25,1666.0
2013,2,5,1678.0,1673.5
2013,2,6,1670.0,1674.25
2013,2,7,1675.75,1668.0
2013,2,8,1669.75,1668.25
2013,2,11,1663.5,1652.0
2013,2,12,1641.75,1647.5
2013,2,13,1648.0,1645.0
2013,2,14,1644.0,1646.0
2013,2,15,1629.25,1612.25
2013,2,18,1611.25,1610.75
2013,2,19,1613.5,1607.75
2013,2,20,1602.0,1588.5
2013,2,21,1568.5,1577.0
2013,2,22,1580.0,1576.5
2013,2,25,1592.5,1586.25
2013,2,26,1597.25,1590.5
2013,2,27,1608.5,1604.25
2013,2,28,1591.0,1588.5
2013,3,1,1570.0,1582.25
2013,3,4,1578.0,1574.25
2013,3,5,1584.25,1579.75
2013,3,6,1574.0,1574.0
2013,3,7,1580.5,1579.5
2013,3,8,1577.0,1581.75
2013,3,11,1577.5,1579.0
2013,3,12,1582.5,1594.0
2013,3,13,1591.5,1589.25
2013,3,14,1585.0,1586.0
2013,3,15,1593.25,1595.5
2013,3,18,1599.5,1603.75
2013,3,19,1602.5,1610.75
2013,3,20,1611.5,1607.5
2013,3,21,1608.75,1613.75
2013,3,22,1611.5,1607.75
2013,3,25,1602.25,1599.25
2013,3,26,1597.25,1598.0
2013,3,27,1591.0,1603.0
2013,3,28,1602.5,1598.25
2013,4,2,1597.75,1583.5
2013,4,3,1568.5,1574.75
2013,4,4,1545.25,1546.5
2013,4,5,1552.75,1568.0
2013,4,8,1577.25,1575.0
2013,4,9,1572.5,1577.25
2013,4,10,1581.5,1575.0
2013,4,11,1555.75,1565.0
2013,4,12,1548.0,1535.5
2013,4,15,1416.0,1395.0
2013,4,16,1378.0,1380.0
2013,4,17,1379.0,1392.0
2013,4,18,1397.0,1393.75
2013,4,19,1414.0,1405.5
2013,4,22,1425.0,1424.5
2013,4,23,1417.25,1408.0
2013,4,24,1424.5,1428.5
2013,4,25,1446.5,1451.0
2013,4,26,1462.25,1471.5
2013,4,29,1472.5,1467.5
2013,4,30,1472.75,1469.0
2013,5,1,1469.5,1454.75
2013,5,2,1456.0,1469.25
2013,5,3,1476.5,1469.25
2013,5,7,1463.0,1444.25
2013,5,8,1454.0,1468.0
2013,5,9,1469.5,1465.5
2013,5,10,1449.25,1426.5
2013,5,13,1429.75,1430.75
2013,5,14,1436.5,1433.75
2013,5,15,1412.25,1410.0
2013,5,16,1377.0,1381.0
2013,5,17,1376.75,1368.75
2013,5,20,1353.75,1354.75
2013,5,21,1378.75,1360.75
2013,5,22,1385.25,1408.5
2013,5,23,1386.0,1380.5
2013,5,24,1385.25,1390.25
2013,5,28,1379.0,1376.5
2013,5,29,1384.5,1382.5
2013,5,30,1406.25,1413.5
2013,5,31,1410.25,1394.5
2013,6,3,1396.75,1402.5
2013,6,4,1405.25,1399.5
2013,6,5,1396.5,1404.0
2013,6,6,1399.5,1400.0
2013,6,7,1410.0,1386.0
2013,6,10,1376.75,1383.25
2013,6,11,1369.5,1374.25
2013,6,12,1377.25,1382.75
2013,6,13,1386.25,1385.0
2013,6,14,1379.75,1391.25
2013,6,17,1386.0,1384.75
2013,6,18,1378.5,1366.75
2013,6,19,1366.0,1372.75
2013,6,20,1303.25,1292.5
2013,6,21,1290.25,1295.25
2013,6,24,1283.25,1286.75
2013,6,25,1285.0,1279.0
2013,6,26,1229.0,1236.25
2013,6,27,1232.0,1232.75
2013,6,28,1203.25,1192.0
2013,7,1,1243.5,1242.75
2013,7,2,1260.75,1252.5
2013,7,3,1246.0,1250.0
2013,7,4,1249.5,1251.75
2013,7,5,1232.75,1212.75
2013,7,8,1225.5,1235.25
2013,7,9,1252.0,1255.5
2013,7,10,1252.25,1256.0
2013,7,11,1280.75,1285.0
2013,7,12,1275.0,1279.75
2013,7,15,1281.25,1284.75
2013,7,16,1286.0,1291.5
2013,7,17,1284.25,1297.25
2013,7,18,1279.75,1283.25
2013,7,19,1286.0,1295.75
2013,7,22,1313.75,1327.0
2013,7,23,1326.75,1333.5
2013,7,24,1340.0,1335.0
2013,7,25,1312.0,1326.0
2013,7,26,1327.75,1331.0
2013,7,29,1330.75,1329.75
2013,7,30,1322.25,1324.15
2013,7,31,1331.5,1314.5
2013,8,1,1323.75,1315.0
2013,8,2,1285.75,1309.25
2013,8,5,1311.0,1304.75
2013,8,6,1292.0,1280.5
2013,8,7,1275.5,1282.5
2013,8,8,1287.75,1298.25
2013,8,9,1305.5,1309.0
2013,8,12,1325.75,1341.0
2013,8,13,1334.0,1328.5
2013,8,14,1323.25,1326.5
2013,8,15,1339.5,1329.75
2013,8,16,1360.75,1369.25
2013,8,19,1375.25,1365.0
2013,8,20,1365.75,1372.5
2013,8,21,1360.0,1363.0
2013,8,22,1370.5,1375.5
2013,8,23,1374.5,1377.5
2013,8,27,1411.0,1419.25
2013,8,28,1425.5,1419.5
2013,8,29,1406.25,1407.75
2013,8,30,1392.75,1394.75
2013,9,2,1391.25,1392.25
2013,9,3,1391.25,1399.5
2013,9,4,1403.75,1390.0
2013,9,5,1391.75,1385.0
2013,9,6,1368.25,1387.0
2013,9,9,1386.0,1390.0
2013,9,10,1373.0,1358.25
2013,9,11,1365.25,1363.75
2013,9,12,1340.25,1328.0
2013,9,13,1308.25,1318.5
2013,9,16,1314.75,1324.0
2013,9,17,1317.25,1312.25
2013,9,18,1299.75,1301.0
2013,9,19,1363.5,1365.5
2013,9,20,1355.25,1349.25
2013,9,23,1321.75,1323.0
2013,9,24,1316.5,1314.25
2013,9,25,1320.25,1322.75
2013,9,26,1332.5,1333.0
2013,9,27,1321.5,1341.0
2013,9,30,1335.75,1326.5
2013,10,1,1332.25,1290.75
2013,10,2,1293.75,1306.25
2013,10,3,1309.0,1316.0
2013,10,4,1316.0,1309.75
2013,10,7,1311.0,1323.5
2013,10,8,1321.0,1329.5
2013,10,9,1309.5,1304.0
2013,10,10,1298.0,1298.5
2013,10,11,1285.75,1265.5
2013,10,14,1276.0,1285.5
2013,10,15,1255.5,1270.5
2013,10,16,1278.25,1273.5
2013,10,17,1308.5,1319.25
2013,10,18,1317.0,1316.5
2013,10,21,1316.0,1317.5
2013,10,22,1311.75,1333.0
2013,10,23,1333.0,1331.25
2013,10,24,1336.25,1344.75
2013,10,25,1341.75,1347.75
2013,10,28,1351.0,1361.0
2013,10,29,1346.75,1349.25
2013,10,30,1349.5,1354.75
2013,10,31,1333.75,1324.0
2013,11,1,1314.75,1306.75
2013,11,4,1314.25,1320.5
2013,11,5,1311.25,1307.25
2013,11,6,1317.0,1319.0
2013,11,7,1316.0,1307.25
2013,11,8,1309.0,1285.5
2013,11,11,1283.75,1282.5
2013,11,12,1281.0,1281.25
2013,11,13,1276.0,1272.5
2013,11,14,1283.25,1286.0
2013,11,15,1281.75,1287.25
2013,11,18,1283.5,1283.5
2013,11,19,1272.25,1275.75
2013,11,20,1271.5,1257.0
2013,11,21,1248.5,1240.0
2013,11,22,1241.75,1246.25
2013,11,25,1231.75,1243.0
2013,11,26,1250.75,1247.5
2013,11,27,1250.75,1245.0
2013,11,28,1241.75,1245.5
2013,11,29,1245.25,1253.0
2013,12,2,1237.5,1229.5
2013,12,3,1219.0,1217.25
2013,12,4,1213.0,1227.5
2013,12,5,1234.0,1222.5
2013,12,6,1230.75,1233.0
2013,12,9,1228.5,1237.0
2013,12,10,1245.75,1266.25
2013,12,11,1255.25,1260.75
2013,12,12,1243.5,1225.25
2013,12,13,1222.75,1232.0
2013,12,16,1229.5,1234.75
2013,12,17,1237.25,1231.75
2013,12,18,1233.25,1230.5
2013,12,19,1205.25,1196.0
2013,12,20,1195.0,1195.25
2013,12,23,1192.75,1199.0
2013,12,27,1209.25,1214.5
2013,12,30,1201.5,1204.5
