year,month,day,Gold Price Fix AM in US dollars per troy ounce,Gold Price Fix PM in US dollars per troy ounce
2014,1,2,1219.75,1225.0
2014,1,3,1232.25,1234.5
2014,1,6,1238.0,1246.25
2014,1,7,1237.5,1227.5
2014,1,8,1226.5,1221.0
2014,1,9,1226.0,1226.0
2014,1,10,1232.25,1244.25
2014,1,13,1246.0,1248.0
2014,1,14,1248.75,1251.5
2014,1,15,1238.0,1236.0
2014,1,16,1237.25,1241.5
2014,1,17,1241.0,1250.0
2014,1,20,1254.75,1255.75
2014,1,21,1247.75,1238.0
2014,1,22,1239.5,1241.0
2014,1,23,1244.25,1263.0
2014,1,24,1259.25,1267.0
2014,1,27,1270.0,1260.5
2014,1,28,1253.5,1251.25
2014,1,29,1254.75,1264.0
2014,1,30,1254.0,1242.5
2014,1,31,1246.5,1251.0
2014,2,3,1246.5,1262.0
2014,2,4,1253.0,1250.25
2014,2,5,1257.0,1254.5
2014,2,6,1258.5,1256.5
2014,2,7,1260.0,1259.25
2014,2,10,1273.5,1277.0
2014,2,11,1282.75,1282.0
2014,2,12,1286.5,1289.5
2014,2,13,1290.25,1296.0
2014,2,14,1308.5,1320.0
2014,2,17,1326.0,1327.5
2014,2,18,1314.0,1320.75
2014,2,19,1318.75,1320.5
2014,2,20,1313.75,1316.25
2014,2,21,1320.75,1323.25
2014,2,24,1333.0,1334.75
2014,2,25,1332.75,1339.0
2014,2,26,1340.0,1331.75
2014,2,27,1331.0,1332.25
2014,2,28,1327.75,1326.5
2014,3,3,1344.25,1349.5
2014,3,4,1339.5,1334.75
2014,3,5,1333.5,1337.0
2014,3,6,1334.25,1345.25
2014,3,7,1348.25,1335.25
2014,3,10,1334.25,1344.0
2014,3,11,1348.0,1346.25
2014,3,12,1355.75,1366.0
2014,3,13,1371.0,1368.75
2014,3,14,1370.0,1385.0
2014,3,17,1379.0,1378.5
2014,3,18,1362.5,1355.75
2014,3,19,1346.0,1338.0
2014,3,20,1327.0,1327.0
2014,3,21,1338.5,1336.0
2014,3,24,1322.0,1310.75
2014,3,25,1314.75,1313.5
2014,3,26,1314.5,1304.0
2014,3,27,1295.0,1296.0
2014,3,28,1295.75,1294.75
2014,3,31,1294.0,1291.75
2014,4,1,1286.5,1283.75
2014,4,2,1284.0,1292.0
2014,4,3,1287.25,1284.0
2014,4,4,1293.5,1297.25
2014,4,7,1299.0,1299.0
2014,4,8,1314.75,1309.5
2014,4,9,1309.75,1301.75
2014,4,10,1321.5,1320.5
2014,4,11,1317.25,1318.0
2014,4,14,1324.5,1325.75
2014,4,15,1311.5,1298.0
2014,4,16,1299.0,1301.5
2014,4,17,1299.25,1299.0
2014,4,22,1290.75,1286.75
2014,4,23,1283.5,1285.25
2014,4,24,1283.5,1291.5
2014,4,25,1294.25,1301.25
2014,4,28,1302.0,1299.0
2014,4,29,1289.75,1297.75
2014,4,30,1292.0,1288.5
2014,5,1,1283.0,1278.5
2014,5,2,1285.0,1281.25
2014,5,6,1308.5,1306.25
2014,5,7,1311.0,1296.0
2014,5,8,1291.25,1287.0
2014,5,9,1289.0,1291.25
2014,5,12,1292.75,1298.75
2014,5,13,1292.75,1296.5
2014,5,14,1300.25,1305.25
2014,5,15,1303.75,1299.0
2014,5,16,1293.75,1291.5
2014,5,19,1301.0,1302.0
2014,5,20,1291.5,1295.5
2014,5,21,1292.0,1287.25
2014,5,22,1294.5,1298.5
2014,5,23,1292.0,1291.5
2014,5,27,1283.0,1275.5
2014,5,28,1265.25,1263.5
2014,5,29,1254.0,1255.0
2014,5,30,1254.0,1250.5
2014,6,2,1244.75,1247.25
2014,6,3,1244.25,1242.75
2014,6,4,1246.0,1245.25
2014,6,5,1244.75,1252.5
2014,6,6,1254.0,1247.5
2014,6,9,1255.0,1253.5
2014,6,10,1253.5,1259.5
2014,6,11,1262.5,1262.0
2014,6,12,1261.75,1265.75
2014,6,13,1273.0,1273.0
2014,6,16,1281.75,1276.25
2014,6,17,1264.5,1267.5
2014,6,18,1269.0,1269.75
2014,6,19,1282.0,1293.0
2014,6,20,1310.0,1312.5
2014,6,23,1313.5,1313.5
2014,6,24,1323.0,1318.5
2014,6,25,1312.0,1316.75
2014,6,26,1311.5,1311.75
2014,6,27,1315.25,1317.5
2014,6,30,1313.0,1315.0
2014,7,1,1325.75,1327.5
2014,7,2,1326.75,1326.5
2014,7,3,1322.5,1317.5
2014,7,4,1321.5,1319.25
2014,7,7,1313.25,1313.0
2014,7,8,1318.25,1323.0
2014,7,9,1322.5,1322.75
2014,7,10,1343.25,1340.25
2014,7,11,1336.5,1335.0
2014,7,14,1321.25,1306.0
2014,7,15,1312.0,1310.0
2014,7,16,1297.5,1301.0
2014,7,17,1302.75,1302.5
2014,7,18,1310.25,1307.25
2014,7,21,1312.75,1311.5
2014,7,22,1307.0,1310.25
2014,7,23,1307.5,1308.0
2014,7,24,1300.0,1292.75
2014,7,25,1292.5,1294.75
2014,7,28,1305.0,1304.5
2014,7,29,1307.5,1299.25
2014,7,30,1297.5,1294.5
2014,7,31,1295.0,1285.25
2014,8,1,1284.5,1291.25
2014,8,4,1293.5,1290.5
2014,8,5,1292.75,1284.75
2014,8,6,1288.5,1306.5
2014,8,7,1302.0,1305.25
2014,8,8,1317.5,1309.75
2014,8,11,1308.25,1307.25
2014,8,12,1311.0,1315.75
2014,8,13,1309.25,1312.0
2014,8,14,1315.0,1313.5
2014,8,15,1313.6,1296.0
2014,8,18,1302.75,1296.75
2014,8,19,1300.25,1296.5
2014,8,20,1294.5,1295.0
2014,8,21,1280.5,1275.25
2014,8,22,1281.0,1277.25
2014,8,26,1286.5,1286.0
2014,8,27,1285.0,1282.75
2014,8,28,1288.0,1292.0
2014,8,29,1285.75,1285.75
2014,9,1,1287.25,1286.5
2014,9,2,1277.75,1267.0
2014,9,3,1268.5,1265.5
2014,9,4,1271.0,1271.5
2014,9,5,1264.0,1266.0
2014,9,8,1267.25,1259.0
2014,9,9,1256.0,1255.75
2014,9,10,1254.25,1251.0
2014,9,11,1247.0,1241.25
2014,9,12,1237.25,1231.5
2014,9,15,1234.75,1234.25
2014,9,16,1238.75,1232.25
2014,9,17,1236.5,1236.0
2014,9,18,1223.0,1220.5
2014,9,19,1222.5,1219.75
2014,9,22,1214.0,1213.5
2014,9,23,1225.0,1222.0
2014,9,24,1224.0,1217.25
2014,9,25,1210.5,1213.75
2014,9,26,1222.25,1213.75
2014,9,29,1217.75,1219.5
2014,9,30,1210.0,1216.5
2014,10,1,1208.5,1216.5
2014,10,2,1214.5,1211.75
2014,10,3,1207.5,1195.0
2014,10,6,1193.25,1195.75
2014,10,7,1207.5,1210.5
2014,10,8,1220.0,1217.0
2014,10,9,1227.5,1226.75
2014,10,10,1222.25,1219.0
2014,10,13,1228.0,1229.0
2014,10,14,1233.0,1234.75
2014,10,15,1223.5,1237.5
2014,10,16,1241.0,1237.75
2014,10,17,1238.0,1234.25
2014,10,20,1241.0,1244.5
2014,10,21,1251.75,1250.25
2014,10,22,1246.75,1243.75
2014,10,23,1240.5,1232.75
2014,10,24,1231.75,1232.75
2014,10,27,1230.5,1228.75
2014,10,28,1228.25,1229.25
2014,10,29,1228.0,1223.5
2014,10,30,1205.75,1202.0
2014,10,31,1173.25,1164.25
2014,11,3,1170.75,1167.75
2014,11,4,1169.25,1166.5
2014,11,5,1145.25,1142.0
2014,11,6,1144.5,1145.0
2014,11,7,1145.0,1154.5
2014,11,10,1172.0,1162.0
2014,11,11,1151.25,1156.5
2014,11,12,1163.25,1164.5
2014,11,13,1161.0,1161.75
2014,11,14,1154.0,1169.0
2014,11,17,1187.0,1182.5
2014,11,18,1202.0,1192.75
2014,11,19,1200.75,1196.0
2014,11,20,1194.0,1190.0
2014,11,21,1193.25,1203.75
2014,11,24,1196.0,1197.5
2014,11,25,1202.25,1199.0
2014,11,26,1195.75,1197.5
2014,11,27,1196.5,1194.75
2014,11,28,1184.5,1182.75
2014,12,1,1178.75,1194.0
2014,12,2,1197.0,1195.0
2014,12,3,1203.25,1204.75
2014,12,4,1204.0,1209.0
2014,12,5,1204.5,1194.0
2014,12,8,1195.25,1193.0
2014,12,9,1206.5,1227.0
2014,12,10,1228.25,1229.0
2014,12,11,1219.5,1216.25
2014,12,12,1223.5,1217.0
2014,12,15,1210.75,1209.25
2014,12,16,1199.25,1202.5
2014,12,17,1199.0,1195.75
2014,12,18,1210.75,1199.0
2014,12,19,1197.5,1195.5
2014,12,22,1195.25,1195.25
2014,12,23,1179.5,1175.75
2014,12,29,1194.0,1185.5
2014,12,30,1186.5,1206.0
