year,month,day,Gold Price Fix AM in US dollars per troy ounce,Gold Price Fix PM in US dollars per troy ounce
2015,1,2,1184.25,1172.0
2015,1,5,1192.0,1200.0
2015,1,6,1211.0,1210.25
2015,1,7,1213.75,1210.5
2015,1,8,1206.5,1215.5
2015,1,9,1211.25,1217.75
2015,1,12,1222.0,1226.5
2015,1,13,1239.0,1231.5
2015,1,14,1228.75,1235.0
2015,1,15,1235.25,1259.0
2015,1,16,1258.25,1277.5
2015,1,19,1275.5,1273.75
2015,1,20,1292.25,1288.75
2015,1,21,1298.0,1293.5
2015,1,22,1287.0,1295.75
2015,1,23,1293.5,1294.75
2015,1,26,1282.75,1281.25
2015,1,27,1279.0,1288.5
2015,1,28,1287.0,1288.0
2015,1,29,1275.5,1268.75
2015,1,30,1263.5,1260.25
2015,2,2,1274.25,1272.5
2015,2,3,1281.0,1264.25
2015,2,4,1269.25,1268.5
2015,2,5,1263.75,1259.25
2015,2,6,1264.0,1241.0
2015,2,9,1242.25,1238.5
2015,2,10,1237.5,1234.5
2015,2,11,1235.5,1223.75
2015,2,12,1225.25,1222.5
2015,2,13,1225.75,1232.5
2015,2,16,1233.5,1229.25
2015,2,17,1221.75,1209.5
2015,2,18,1206.5,1206.0
2015,2,19,1217.75,1209.5
2015,2,20,1203.5,1208.25
2015,2,23,1193.5,1204.5
2015,2,24,1195.5,1192.5
2015,2,25,1206.5,1204.75
2015,2,26,1220.0,1208.25
2015,2,27,1205.0,1214.0
2015,3,2,1216.75,1212.5
2015,3,3,1207.75,1212.75
2015,3,4,1204.25,1199.5
2015,3,5,1199.75,1202.0
2015,3,6,1196.5,1175.75
2015,3,9,1173.75,1168.5
2015,3,10,1161.0,1162.0
2015,3,11,1158.75,1150.0
2015,3,12,1161.25,1152.25
2015,3,13,1156.5,1152.0
2015,3,16,1157.0,1150.75
2015,3,17,1154.75,1150.75
2015,3,18,1149.0,1147.25
2015,3,19,1164.0,1166.0
2015,3,20,1171.75,1183.1
2015,3,23,1181.4,1186.25
2015,3,24,1193.25,1191.5
2015,3,25,1192.55,1195.6
2015,3,26,1209.4,1203.15
2015,3,27,1198.0,1195.75
2015,3,30,1187.4,1185.5
2015,3,31,1179.25,1187.0
2015,4,1,1181.25,1197.0
2015,4,2,1201.5,1198.5
2015,4,7,1208.5,1211.0
2015,4,8,1211.1,1207.25
2015,4,9,1196.0,1194.8
2015,4,10,1201.9,1207.35
2015,4,13,1197.85,1198.9
2015,4,14,1191.45,1194.75
2015,4,15,1189.85,1192.9
2015,4,16,1204.6,1204.35
2015,4,17,1204.55,1203.35
2015,4,20,1203.25,1196.5
2015,4,21,1197.7,1195.3
2015,4,22,1202.4,1189.25
2015,4,23,1187.75,1185.75
2015,4,24,1192.15,1183.0
2015,4,27,1182.75,1200.0
2015,4,28,1201.4,1209.0
2015,4,29,1204.8,1209.0
2015,4,30,1204.3,1180.25
2015,5,1,1179.0,1175.95
2015,5,5,1187.4,1197.0
2015,5,6,1191.25,1194.25
2015,5,7,1183.0,1187.0
2015,5,8,1185.25,1186.0
2015,5,11,1184.75,1189.25
2015,5,12,1184.45,1191.5
2015,5,13,1193.0,1210.5
2015,5,14,1214.75,1225.0
2015,5,15,1216.3,1220.5
2015,5,18,1228.15,1223.5
2015,5,19,1219.65,1214.3
2015,5,20,1206.75,1210.5
2015,5,21,1209.6,1205.0
2015,5,22,1211.0,1204.1
2015,5,26,1194.0,1185.4
2015,5,27,1187.85,1185.85
2015,5,28,1189.45,1185.0
2015,5,29,1190.4,1191.4
2015,6,1,1187.3,1199.9
2015,6,2,1188.75,1192.8
2015,6,3,1186.6,1190.0
2015,6,4,1182.45,1176.0
2015,6,5,1175.9,1164.6
2015,6,8,1173.4,1172.8
2015,6,9,1181.0,1177.4
2015,6,10,1186.0,1188.5
2015,6,11,1180.5,1178.5
2015,6,12,1179.25,1182.8
2015,6,15,1178.25,1181.4
2015,6,16,1182.1,1177.75
2015,6,17,1178.5,1178.0
2015,6,18,1198.0,1201.85
2015,6,19,1198.15,1203.4
2015,6,22,1193.7,1185.5
2015,6,23,1183.35,1178.0
2015,6,24,1175.75,1173.75
2015,6,25,1174.6,1172.65
2015,6,26,1174.4,1170.5
2015,6,29,1176.5,1176.0
2015,6,30,1175.0,1171.0
2015,7,1,1171.7,1168.0
2015,7,2,1164.3,1165.25
2015,7,3,1168.25,1167.95
2015,7,6,1164.25,1166.0
2015,7,7,1166.25,1156.25
2015,7,8,1154.25,1158.5
2015,7,9,1162.1,1164.25
2015,7,10,1162.4,1159.3
2015,7,13,1154.95,1154.0
2015,7,14,1153.2,1157.4
2015,7,15,1154.75,1147.4
2015,7,16,1145.1,1144.4
2015,7,17,1143.0,1132.8
2015,7,20,1115.0,1104.6
2015,7,21,1108.0,1105.6
2015,7,22,1096.8,1088.6
2015,7,23,1101.65,1097.4
2015,7,24,1083.75,1080.8
2015,7,27,1098.6,1100.0
2015,7,28,1095.6,1096.2
2015,7,29,1096.75,1090.25
2015,7,30,1085.65,1087.5
2015,7,31,1080.05,1098.4
2015,8,3,1093.0,1091.9
2015,8,4,1092.6,1090.65
2015,8,5,1086.5,1085.1
2015,8,6,1085.0,1089.75
2015,8,7,1091.35,1093.5
2015,8,10,1094.8,1097.0
2015,8,11,1113.25,1108.25
2015,8,12,1116.8,1119.0
2015,8,13,1117.35,1116.75
2015,8,14,1116.75,1118.25
2015,8,17,1117.3,1118.8
2015,8,18,1119.15,1111.45
2015,8,19,1123.2,1126.15
2015,8,20,1137.95,1147.7
2015,8,21,1149.35,1156.5
2015,8,24,1153.5,1166.5
2015,8,25,1154.25,1137.5
2015,8,26,1134.4,1120.75
2015,8,27,1128.5,1119.0
2015,8,28,1125.5,1135.0
2015,9,1,1141.9,1142.3
2015,9,2,1140.0,1137.75
2015,9,3,1130.05,1128.0
2015,9,4,1125.0,1118.25
2015,9,7,1121.0,1119.5
2015,9,8,1120.85,1121.15
2015,9,9,1122.3,1109.85
2015,9,10,1107.75,1109.5
2015,9,11,1106.35,1100.25
2015,9,14,1108.0,1104.8
2015,9,15,1105.5,1105.95
2015,9,16,1109.75,1117.6
2015,9,17,1118.15,1117.5
2015,9,18,1136.0,1141.5
2015,9,21,1136.85,1133.25
2015,9,22,1129.3,1122.9
2015,9,23,1124.6,1131.35
2015,9,24,1134.45,1154.5
2015,9,25,1145.5,1146.65
2015,9,28,1137.5,1131.05
2015,9,29,1124.6,1132.1
2015,9,30,1122.5,1114.0
2015,10,1,1114.2,1119.0
2015,10,2,1106.3,1140.75
2015,10,5,1134.35,1139.75
2015,10,6,1136.9,1147.5
2015,10,7,1147.9,1144.6
2015,10,8,1143.3,1140.0
2015,10,9,1151.5,1151.55
2015,10,12,1164.2,1164.9
2015,10,13,1154.4,1165.2
2015,10,14,1173.7,1173.9
2015,10,15,1183.35,1184.25
2015,10,16,1176.35,1180.85
2015,10,19,1171.65,1175.4
2015,10,20,1173.7,1177.75
2015,10,21,1174.4,1167.1
2015,10,22,1166.45,1167.0
2015,10,23,1171.55,1161.25
2015,10,26,1168.5,1166.4
2015,10,27,1165.75,1165.7
2015,10,28,1171.5,1179.6
2015,10,29,1159.0,1148.6
2015,10,30,1147.75,1142.35
2015,11,2,1135.8,1134.0
2015,11,3,1130.9,1123.1
2015,11,4,1118.0,1114.7
2015,11,5,1107.3,1106.3
2015,11,6,1107.7,1088.9
2015,11,9,1095.6,1089.6
2015,11,10,1092.5,1087.1
2015,11,11,1088.6,1085.9
2015,11,12,1087.6,1087.4
2015,11,13,1083.75,1081.5
2015,11,16,1094.5,1084.75
2015,11,17,1080.8,1079.2
2015,11,18,1070.5,1067.75
2015,11,19,1073.1,1082.6
2015,11,20,1085.15,1081.75
2015,11,23,1068.35,1070.5
2015,11,24,1073.0,1076.4
2015,11,25,1072.2,1068.0
2015,11,26,1070.5,1071.0
2015,11,27,1064.65,1057.4
2015,11,30,1055.65,1061.9
2015,12,1,1069.25,1065.4
2015,12,2,1066.9,1055.4
2015,12,3,1050.6,1055.45
2015,12,4,1063.0,1079.25
2015,12,7,1082.7,1075.8
2015,12,8,1071.75,1072.1
2015,12,9,1078.4,1081.0
2015,12,10,1072.0,1071.0
2015,12,11,1067.2,1072.5
2015,12,14,1068.0,1068.25
2015,12,15,1069.15,1061.5
2015,12,16,1065.75,1075.25
2015,12,17,1065.85,1049.4
2015,12,18,1055.25,1062.5
2015,12,21,1071.15,1078.75
2015,12,22,1077.0,1074.9
2015,12,23,1071.5,1068.25
2015,12,29,1067.25,1070.1
2015,12,30,1067.8,1060.0
