year,month,day,Gold Price Fix AM in US dollars per troy ounce,Gold Price Fix PM in US dollars per troy ounce
2016,1,4,1072.7,1082.25
2016,1,5,1078.0,1077.0
2016,1,6,1083.85,1091.4
2016,1,7,1096.0,1106.35
2016,1,8,1097.45,1101.85
2016,1,11,1104.7,1100.75
2016,1,12,1094.85,1085.4
2016,1,13,1081.8,1088.15
2016,1,14,1090.75,1088.4
2016,1,15,1081.1,1093.75
2016,1,18,1090.45,1089.2
2016,1,19,1087.0,1086.25
2016,1,20,1093.2,1101.75
2016,1,21,1096.8,1096.5
2016,1,22,1097.65,1096.25
2016,1,25,1103.7,1106.6
2016,1,26,1114.7,1113.6
2016,1,27,1116.5,1116.25
2016,1,28,1119.0,1114.0
2016,1,29,1112.9,1111.8
2016,2,1,1122.0,1126.5
2016,2,2,1123.6,1128.5
2016,2,3,1130.0,1132.0
2016,2,4,1146.25,1156.35
2016,2,5,1158.5,1150.35
2016,2,8,1173.4,1193.25
2016,2,9,1188.9,1191.0
2016,2,10,1183.4,1190.0
2016,2,11,1223.25,1241.0
2016,2,12,1239.5,1239.75
2016,2,15,1208.45,1208.2
2016,2,16,1212.0,1209.5
2016,2,17,1202.4,1210.0
2016,2,18,1204.4,1210.1
2016,2,19,1221.5,1231.15
2016,2,22,1203.65,1211.0
2016,2,23,1218.75,1221.35
2016,2,24,1232.25,1250.75
2016,2,25,1235.4,1236.0
2016,2,26,1231.0,1226.5
2016,2,29,1234.15,1234.9
2016,3,1,1240.0,1236.5
2016,3,2,1229.35,1239.2
2016,3,3,1241.95,1250.25
2016,3,4,1271.5,1277.5
2016,3,7,1267.6,1267.9
2016,3,8,1274.1,1267.0
2016,3,9,1258.25,1246.4
2016,3,10,1247.25,1266.5
2016,3,11,1262.25,1264.75
2016,3,14,1256.55,1242.75
2016,3,15,1233.6,1232.0
2016,3,16,1233.1,1228.5
2016,3,17,1269.6,1266.5
2016,3,18,1254.5,1252.1
2016,3,21,1244.25,1244.9
2016,3,22,1251.8,1252.5
2016,3,23,1232.2,1217.6
2016,3,24,1216.45,1221.0
2016,3,29,1216.45,1226.0
2016,3,30,1238.2,1236.25
2016,3,31,1233.6,1237.0
2016,4,1,1232.1,1213.6
2016,4,4,1215.0,1219.75
2016,4,5,1231.5,1231.25
2016,4,6,1225.75,1221.4
2016,4,7,1237.5,1242.1
2016,4,8,1235.0,1239.5
2016,4,11,1247.25,1254.75
2016,4,12,1259.2,1254.6
2016,4,13,1245.75,1245.75
2016,4,14,1240.3,1233.85
2016,4,15,1229.75,1227.1
2016,4,18,1237.7,1234.3
2016,4,19,1241.7,1255.4
2016,4,20,1247.75,1252.0
2016,4,21,1257.65,1249.25
2016,4,22,1245.4,1243.25
2016,4,25,1230.85,1238.9
2016,4,26,1234.5,1241.7
2016,4,27,1244.75,1247.4
2016,4,28,1256.6,1256.0
2016,4,29,1274.5,1285.65
2016,5,3,1296.5,1294.0
2016,5,4,1280.3,1283.0
2016,5,5,1275.75,1280.25
2016,5,6,1280.25,1289.0
2016,5,9,1277.75,1265.25
2016,5,10,1264.85,1262.8
2016,5,11,1271.8,1276.85
2016,5,12,1268.3,1279.25
2016,5,13,1275.15,1265.9
2016,5,16,1281.0,1285.75
2016,5,17,1270.1,1277.0
2016,5,18,1270.9,1272.9
2016,5,19,1253.75,1246.25
2016,5,20,1256.5,1254.2
2016,5,23,1250.4,1245.9
2016,5,24,1242.65,1236.85
2016,5,25,1220.75,1220.6
2016,5,26,1226.65,1223.85
2016,5,27,1221.25,1216.25
2016,5,31,1210.5,1212.1
2016,6,1,1216.25,1214.5
2016,6,2,1215.5,1212.4
2016,6,3,1211.0,1240.5
2016,6,6,1240.55,1244.0
2016,6,7,1241.1,1241.0
2016,6,8,1252.4,1263.0
2016,6,9,1258.35,1263.9
2016,6,10,1266.6,1275.5
2016,6,13,1284.1,1280.8
2016,6,14,1279.4,1287.15
2016,6,15,1282.0,1283.3
2016,6,16,1307.0,1310.75
2016,6,17,1284.5,1290.7
2016,6,20,1283.25,1281.8
2016,6,21,1280.8,1272.6
2016,6,22,1265.0,1264.85
2016,6,23,1265.75,1262.15
2016,6,24,1313.85,1315.5
2016,6,27,1324.6,1324.55
2016,6,28,1312.0,1309.7
2016,6,29,1317.75,1321.5
2016,6,30,1317.0,1320.75
2016,7,1,1331.75,1340.0
2016,7,4,1348.75,1350.75
2016,7,5,1344.75,1350.75
2016,7,6,1370.0,1366.25
2016,7,7,1367.1,1356.7
2016,7,8,1356.1,1354.25
2016,7,11,1358.25,1357.1
2016,7,12,1352.85,1342.4
2016,7,13,1340.25,1342.75
2016,7,14,1325.7,1323.6
2016,7,15,1330.5,1327.0
2016,7,18,1326.15,1334.7
2016,7,19,1332.2,1330.9
2016,7,20,1325.6,1315.9
2016,7,21,1322.0,1321.15
2016,7,22,1323.2,1320.75
2016,7,25,1315.0,1313.15
2016,7,26,1321.25,1323.0
2016,7,27,1320.8,1329.0
2016,7,28,1341.3,1341.75
2016,7,29,1332.5,1342.0
2016,8,1,1348.85,1349.65
2016,8,2,1358.15,1363.75
2016,8,3,1364.4,1358.9
2016,8,4,1351.15,1362.75
2016,8,5,1362.6,1340.4
2016,8,8,1330.0,1336.8
2016,8,9,1332.9,1341.0
2016,8,10,1351.85,1347.7
2016,8,11,1344.55,1355.0
2016,8,12,1336.7,1352.2
2016,8,15,1339.2,1339.4
2016,8,16,1349.1,1344.0
2016,8,17,1342.75,1343.35
2016,8,18,1347.1,1350.05
2016,8,19,1346.85,1346.4
2016,8,22,1334.3,1335.9
2016,8,23,1338.5,1342.0
2016,8,24,1337.3,1327.25
2016,8,25,1324.5,1321.3
2016,8,26,1324.9,1318.75
2016,8,30,1318.85,1318.15
2016,8,31,1314.45,1309.25
2016,9,1,1305.7,1309.5
2016,9,2,1311.5,1324.7
2016,9,5,1328.3,1326.35
2016,9,6,1330.05,1337.25
2016,9,7,1348.75,1348.35
2016,9,8,1348.0,1343.4
2016,9,9,1335.65,1330.85
2016,9,12,1327.5,1324.6
2016,9,13,1328.5,1323.65
2016,9,14,1323.2,1321.75
2016,9,15,1320.1,1310.8
2016,9,16,1314.25,1308.35
2016,9,19,1315.05,1314.85
2016,9,20,1315.4,1313.8
2016,9,21,1319.6,1326.1
2016,9,22,1332.45,1339.1
2016,9,23,1335.9,1338.65
2016,9,26,1336.3,1340.5
2016,9,27,1335.85,1327.0
2016,9,28,1324.8,1322.5
2016,9,29,1320.85,1318.1
2016,9,30,1327.9,1322.5
2016,10,3,1318.65,1313.3
2016,10,4,1309.15,1283.3
2016,10,5,1274.0,1269.4
2016,10,6,1265.5,1254.5
2016,10,7,1255.0,1258.75
2016,10,10,1262.1,1259.5
2016,10,11,1256.4,1253.45
2016,10,12,1255.7,1256.5
2016,10,13,1258.0,1261.05
2016,10,14,1256.15,1251.75
2016,10,17,1252.7,1254.8
2016,10,18,1261.65,1258.2
2016,10,19,1269.75,1269.05
2016,10,20,1269.2,1271.65
2016,10,21,1263.95,1266.05
2016,10,24,1267.0,1265.55
2016,10,25,1269.3,1269.4
2016,10,26,1273.9,1270.5
2016,10,27,1269.3,1266.25
2016,10,28,1265.9,1273.0
2016,10,31,1274.2,1272.0
2016,11,1,1284.4,1288.45
2016,11,2,1295.85,1303.75
2016,11,3,1293.0,1301.0
2016,11,4,1301.7,1302.8
2016,11,7,1286.8,1283.05
2016,11,8,1284.0,1282.35
2016,11,9,1304.55,1281.4
2016,11,10,1280.9,1267.5
2016,11,11,1255.65,1236.45
2016,11,14,1222.6,1213.6
2016,11,15,1228.9,1226.95
2016,11,16,1225.7,1229.2
2016,11,17,1232.0,1226.75
2016,11,18,1206.1,1211.0
2016,11,21,1214.95,1214.25
2016,11,22,1217.55,1212.25
2016,11,23,1213.25,1185.35
2016,11,24,1187.25,1186.1
2016,11,25,1187.5,1187.7
2016,11,28,1189.1,1187.0
2016,11,29,1187.3,1186.55
2016,11,30,1187.4,1178.1
2016,12,1,1168.75,1161.85
2016,12,2,1171.65,1173.5
2016,12,5,1164.9,1162.2
2016,12,6,1171.15,1172.5
2016,12,7,1171.25,1177.65
2016,12,8,1174.75,1171.05
2016,12,9,1168.9,1163.6
2016,12,12,1154.4,1156.1
2016,12,13,1157.35,1158.55
2016,12,14,1160.95,1162.25
2016,12,15,1132.45,1126.95
2016,12,16,1134.85,1131.6
2016,12,19,1137.6,1136.25
2016,12,20,1132.75,1125.7
2016,12,21,1134.4,1133.65
2016,12,22,1130.55,1131.35
2016,12,28,1139.75,1134.6
2016,12,29,1146.8,1145.9
