year,month,day,Gold Price Fix AM in US dollars per troy ounce,Gold Price Fix PM in US dollars per troy ounce
2017,1,3,1148.65,1151.0
2017,1,4,1165.9,1164.25
2017,1,5,1173.05,1176.7
2017,1,6,1178.0,1175.85
2017,1,9,1176.1,1178.5
2017,1,10,1183.2,1189.5
2017,1,11,1187.55,1178.55
2017,1,12,1206.65,1205.05
2017,1,13,1196.35,1190.35
2017,1,16,1202.75,1203.0
2017,1,17,1217.5,1216.05
2017,1,18,1212.5,1214.75
2017,1,19,1203.35,1196.05
2017,1,20,1199.1,1200.55
2017,1,23,1213.75,1212.85
2017,1,24,1213.3,1216.8
2017,1,25,1203.5,1195.0
2017,1,26,1191.55,1189.7
2017,1,27,1184.2,1184.85
2017,1,30,1189.85,1192.8
2017,1,31,1198.8,1212.8
2017,2,1,1210.0,1203.65
2017,2,2,1224.05,1221.95
2017,2,3,1213.05,1215.2
2017,2,6,1221.85,1226.75
2017,2,7,1231.0,1231.0
2017,2,8,1235.6,1242.1
2017,2,9,1241.75,1236.8
2017,2,10,1225.75,1228.3
2017,2,13,1229.4,1222.25
2017,2,14,1229.65,1230.75
2017,2,15,1225.15,1224.4
2017,2,16,1236.75,1240.55
2017,2,17,1241.4,1241.95
2017,2,20,1235.35,1237.3
2017,2,21,1228.7,1233.2
2017,2,22,1237.5,1236.65
2017,2,23,1237.35,1247.9
2017,2,24,1255.35,1253.65
2017,2,27,1256.25,1257.2
2017,2,28,1251.9,1255.6
2017,3,1,1246.05,1240.4
2017,3,2,1243.3,1238.1
2017,3,3,1228.75,1226.5
2017,3,6,1231.15,1230.95
2017,3,7,1223.7,1216.65
2017,3,8,1213.3,1209.2
2017,3,9,1204.6,1206.55
2017,3,10,1196.55,1202.65
2017,3,13,1207.8,1204.2
2017,3,14,1203.55,1204.6
2017,3,15,1202.25,1198.8
2017,3,16,1225.6,1229.35
2017,3,17,1228.75,1229.6
2017,3,20,1233.0,1232.4
2017,3,21,1232.05,1241.6
2017,3,22,1246.1,1249.05
2017,3,23,1247.9,1247.5
2017,3,24,1244.0,1247.5
2017,3,27,1256.9,1257.55
2017,3,28,1253.65,1257.25
2017,3,29,1252.9,1251.1
2017,3,30,1250.9,1248.8
2017,3,31,1241.7,1244.85
2017,4,3,1246.25,1247.25
2017,4,4,1258.65,1257.65
2017,4,5,1252.5,1245.8
2017,4,6,1253.75,1252.5
2017,4,7,1264.3,1266.45
2017,4,10,1253.6,1250.05
2017,4,11,1255.7,1252.9
2017,4,12,1272.3,1274.3
2017,4,13,1286.1,1284.15
2017,4,18,1285.0,1278.95
2017,4,19,1282.05,1279.05
2017,4,20,1279.9,1282.1
2017,4,21,1281.5,1281.85
2017,4,24,1271.8,1269.4
2017,4,25,1270.5,1267.8
2017,4,26,1264.95,1261.85
2017,4,27,1264.3,1262.8
2017,4,28,1265.55,1266.45
2017,5,2,1255.8,1255.45
2017,5,3,1253.95,1250.3
2017,5,4,1235.85,1228.45
2017,5,5,1239.4,1228.05
2017,5,8,1229.7,1229.8
2017,5,9,1225.15,1220.4
2017,5,10,1222.95,1222.95
2017,5,11,1221.0,1223.15
2017,5,12,1227.9,1231.25
2017,5,15,1231.5,1233.3
2017,5,16,1234.05,1234.2
2017,5,17,1244.6,1257.4
2017,5,18,1261.35,1255.9
2017,5,19,1251.85,1252.0
2017,5,22,1255.25,1258.85
2017,5,23,1259.9,1260.2
2017,5,24,1251.35,1252.55
2017,5,25,1257.1,1256.95
2017,5,26,1265.0,1265.05
2017,5,30,1262.8,1262.7
2017,5,31,1263.8,1266.2
2017,6,1,1266.15,1264.85
2017,6,2,1260.95,1274.95
2017,6,5,1280.7,1279.95
2017,6,6,1287.85,1293.5
2017,6,7,1292.7,1291.0
2017,6,8,1284.8,1273.1
2017,6,9,1274.25,1266.55
2017,6,12,1269.25,1266.4
2017,6,13,1261.3,1262.0
2017,6,14,1268.25,1275.5
2017,6,15,1260.25,1254.55
2017,6,16,1256.6,1255.4
2017,6,19,1251.1,1248.15
2017,6,20,1246.5,1242.2
2017,6,21,1247.05,1242.5
2017,6,22,1251.4,1250.8
2017,6,23,1256.3,1255.7
2017,6,26,1240.85,1245.25
2017,6,27,1250.4,1249.55
2017,6,28,1251.6,1248.0
2017,6,29,1246.6,1243.5
2017,6,30,1243.25,1242.25
2017,7,3,1235.2,1229.25
2017,7,4,1224.25,1223.75
2017,7,5,1221.9,1220.3
2017,7,6,1224.3,1224.9
2017,7,7,1220.4,1215.65
2017,7,10,1207.55,1211.9
2017,7,11,1211.9,1211.05
2017,7,12,1219.4,1218.8
2017,7,13,1221.4,1218.9
2017,7,14,1218.95,1230.3
2017,7,17,1229.85,1234.1
2017,7,18,1237.1,1240.75
2017,7,19,1239.85,1242.15
2017,7,20,1236.55,1238.7
2017,7,21,1247.25,1248.55
2017,7,24,1255.85,1255.55
2017,7,25,1252.0,1254.4
2017,7,26,1245.4,1248.1
2017,7,27,1262.05,1261.1
2017,7,28,1259.6,1264.9
2017,7,31,1266.35,1267.55
2017,8,1,1267.05,1270.95
2017,8,2,1266.65,1269.6
2017,8,3,1261.8,1268.1
2017,8,4,1269.3,1257.7
2017,8,7,1257.55,1258.0
2017,8,8,1261.45,1261.8
2017,8,9,1267.95,1271.05
2017,8,10,1278.9,1284.4
2017,8,11,1288.3,1286.1
2017,8,14,1281.1,1282.3
2017,8,15,1274.6,1270.3
2017,8,16,1270.15,1272.75
2017,8,17,1285.9,1285.15
2017,8,18,1295.25,1295.8
2017,8,21,1287.6,1292.9
2017,8,22,1285.1,1284.2
2017,8,23,1286.45,1286.65
2017,8,24,1285.9,1289.0
2017,8,25,1287.05,1285.3
2017,8,29,1323.4,1318.65
2017,8,30,1310.6,1308.5
2017,8,31,1305.8,1311.75
2017,9,1,1318.4,1320.4
2017,9,4,1334.6,1333.1
2017,9,5,1331.15,1335.55
2017,9,6,1340.15,1337.85
2017,9,7,1340.45,1343.5
2017,9,8,1350.9,1346.25
2017,9,11,1338.75,1334.2
2017,9,12,1326.25,1326.5
2017,9,13,1332.25,1327.55
2017,9,14,1323.0,1324.55
2017,9,15,1325.0,1322.85
2017,9,18,1314.4,1312.1
2017,9,19,1308.45,1309.6
2017,9,20,1314.9,1311.3
2017,9,21,1297.35,1292.1
2017,9,22,1297.0,1294.8
2017,9,25,1295.5,1293.3
2017,9,26,1306.9,1300.05
2017,9,27,1291.3,1282.55
2017,9,28,1284.3,1283.35
2017,9,29,1286.95,1283.1
2017,10,2,1273.1,1273.7
2017,10,3,1270.7,1271.25
2017,10,4,1275.55,1274.25
2017,10,5,1278.4,1274.5
2017,10,6,1268.2,1261.8
2017,10,9,1282.15,1278.75
2017,10,10,1289.6,1291.4
2017,10,11,1290.2,1289.25
2017,10,12,1294.45,1290.25
2017,10,13,1293.9,1299.6
2017,10,16,1305.15,1303.3
2017,10,17,1289.7,1284.75
2017,10,18,1280.65,1280.2
2017,10,19,1283.4,1286.4
2017,10,20,1280.25,1281.2
2017,10,23,1275.25,1274.9
2017,10,24,1278.3,1276.45
2017,10,25,1273.0,1275.0
2017,10,26,1278.0,1273.75
2017,10,27,1267.8,1266.45
2017,10,30,1272.75,1272.0
2017,10,31,1274.4,1270.15
2017,11,1,1279.25,1277.05
2017,11,2,1276.4,1279.2
2017,11,3,1275.3,1267.2
2017,11,6,1271.6,1270.9
2017,11,7,1276.35,1275.6
2017,11,8,1282.25,1284.0
2017,11,9,1284.0,1284.8
2017,11,10,1284.45,1284.3
2017,11,13,1278.4,1277.95
2017,11,14,1273.7,1274.6
2017,11,15,1285.7,1282.2
2017,11,16,1277.7,1280.0
2017,11,17,1283.85,1284.35
2017,11,20,1292.35,1286.2
2017,11,21,1280.0,1283.3
2017,11,22,1283.95,1286.95
2017,11,23,1290.15,1290.35
2017,11,24,1289.15,1290.5
2017,11,27,1294.7,1294.9
2017,11,28,1293.9,1291.85
2017,11,29,1294.85,1283.85
2017,11,30,1282.15,1280.2
2017,12,1,1277.25,1275.5
2017,12,4,1279.1,1273.45
2017,12,5,1275.9,1266.3
2017,12,6,1268.55,1263.7
2017,12,7,1256.8,1255.0
2017,12,8,1245.85,1250.65
2017,12,11,1251.4,1247.15
2017,12,12,1243.4,1240.9
2017,12,13,1241.6,1242.65
2017,12,14,1255.6,1251.0
2017,12,15,1257.25,1254.6
2017,12,18,1258.65,1260.6
2017,12,19,1263.1,1260.35
2017,12,20,1265.95,1264.55
2017,12,21,1265.85,1264.55
2017,12,27,1285.4,1279.4
2017,12,28,1291.6,1291.0
2017,12,29,1296.5,1145.9
