year,month,day,Daily Gold Price LBMA AM FIX,Daily Gold Price LBMA PM FIX
2018,1,2,1312.8,1312.05
2018,1,3,1314.6,1314.9
2018,1,4,1313.7,1314.5
2018,1,5,1317.9,1317.15
2018,1,8,1318.8,1319.95
2018,1,9,1314.95,1311.0
2018,1,10,1321.65,1319.75
2018,1,11,1319.85,1323.05
2018,1,12,1332.9,1326.8
2018,1,15,1343.0,1339.25
2018,1,16,1334.95,1333.85
2018,1,17,1337.35,1335.65
2018,1,18,1329.75,1332.2
2018,1,19,1335.8,1334.95
2018,1,22,1334.15,1332.6
2018,1,23,1337.1,1333.4
2018,1,24,1350.5,1353.7
2018,1,25,1360.25,1354.95
2018,1,26,1354.35,1353.15
2018,1,29,1348.4,1343.85
2018,1,30,1345.7,1344.9
2018,1,31,1343.35,1345.05
2018,2,1,1341.1,1341.35
2018,2,2,1345.0,1331.15
2018,2,5,1337.1,1333.6
2018,2,6,1344.65,1331.4
2018,2,7,1328.5,1324.65
2018,2,8,1311.05,1315.45
2018,2,9,1316.05,1314.1
2018,2,12,1321.7,1322.3
2018,2,13,1329.4,1325.35
2018,2,14,1330.75,1336.25
2018,2,15,1353.7,1352.45
2018,2,16,1358.6,1352.1
2018,2,19,1347.4,1346.6
2018,2,20,1337.4,1339.85
2018,2,21,1328.6,1330.5
2018,2,22,1323.5,1328.35
2018,2,23,1328.9,1327.95
2018,2,26,1339.05,1333.5
2018,2,27,1332.75,1325.75
2018,2,28,1320.3,1317.85
2018,3,1,1311.25,1307.75
2018,3,2,1316.75,1322.3
2018,3,5,1326.3,1320.4
2018,3,6,1324.95,1331.4
2018,3,7,1332.5,1329.4
2018,3,8,1325.4,1321.0
2018,3,9,1319.35,1320.6
2018,3,12,1317.25,1319.15
2018,3,13,1318.7,1322.75
2018,3,14,1324.95,1323.55
2018,3,15,1323.35,1318.75
2018,3,16,1320.05,1310.1
2018,3,19,1311.7,1312.4
2018,3,20,1312.75,1311.0
2018,3,21,1316.35,1321.35
2018,3,22,1328.85,1329.15
2018,3,23,1342.35,1346.6
2018,3,26,1348.4,1352.4
2018,3,27,1350.65,1341.45
2018,3,28,1341.05,1332.45
2018,3,29,1323.9,1323.85
2018,4,3,1336.6,1333.45
2018,4,4,1343.15,1337.3
2018,4,5,1327.05,1327.7
2018,4,6,1325.6,1331.2
2018,4,9,1328.5,1331.95
2018,4,10,1335.95,1338.95
2018,4,11,1345.2,1350.75
2018,4,12,1345.9,1341.35
2018,4,13,1340.75,1343.7
2018,4,16,1344.4,1349.35
2018,4,17,1342.95,1342.1
2018,4,18,1346.55,1351.45
2018,4,19,1347.9,1348.6
2018,4,20,1340.15,1336.75
2018,4,23,1328.0,1324.3
2018,4,24,1327.35,1328.85
2018,4,25,1325.7,1321.65
2018,4,26,1321.9,1320.7
2018,4,27,1317.7,1321.5
2018,4,30,1316.25,1313.2
2018,5,1,1309.2,1307.1
2018,5,2,1310.75,1304.2
2018,5,3,1313.3,1315.05
2018,5,4,1309.35,1309.4
2018,5,8,1310.05,1306.6
2018,5,9,1306.85,1313.85
2018,5,10,1314.8,1318.8
2018,5,11,1324.8,1324.35
2018,5,14,1320.7,1319.85
2018,5,15,1310.05,1295.0
2018,5,16,1291.75,1291.25
2018,5,17,1288.85,1289.5
2018,5,18,1287.2,1288.3
2018,5,21,1285.85,1288.35
2018,5,22,1293.9,1293.05
2018,5,23,1294.0,1289.0
2018,5,24,1296.35,1304.85
2018,5,25,1303.95,1303.5
2018,5,29,1302.05,1295.5
2018,5,30,1298.6,1300.7
2018,5,31,1303.5,1305.35
2018,6,1,1299.15,1294.6
2018,6,4,1294.65,1295.45
2018,6,5,1292.25,1292.05
2018,6,6,1295.25,1300.1
2018,6,7,1298.3,1297.25
2018,6,8,1299.2,1298.25
2018,6,11,1296.05,1299.6
2018,6,12,1298.3,1298.65
2018,6,13,1294.4,1296.15
2018,6,14,1305.3,1302.75
2018,6,15,1300.1,1285.25
2018,6,18,1281.25,1281.55
2018,6,19,1279.0,1276.15
2018,6,20,1273.25,1274.2
2018,6,21,1263.7,1266.15
2018,6,22,1269.7,1269.15
2018,6,25,1269.8,1268.7
2018,6,26,1257.15,1260.3
2018,6,27,1256.8,1254.6
2018,6,28,1250.5,1251.55
2018,6,29,1250.55,1250.45
2018,7,2,1249.0,1247.8
2018,7,3,1245.85,1251.75
2018,7,4,1256.9,1255.65
2018,7,5,1252.5,1255.5
2018,7,6,1254.2,1255.35
2018,7,9,1262.6,1262.05
2018,7,10,1253.7,1254.0
2018,7,11,1250.0,1251.4
2018,7,12,1244.85,1245.9
2018,7,13,1240.5,1241.7
2018,7,16,1244.9,1241.1
2018,7,17,1243.65,1232.8
2018,7,18,1223.45,1224.5
2018,7,19,1217.4,1217.55
2018,7,20,1224.85,1228.75
2018,7,23,1229.45,1224.95
2018,7,24,1224.3,1228.35
2018,7,25,1230.55,1231.5
2018,7,26,1228.35,1228.25
2018,7,27,1219.15,1223.95
2018,7,30,1222.05,1223.8
2018,7,31,1219.2,1220.95
2018,8,1,1222.75,1219.0
2018,8,2,1217.6,1215.45
2018,8,3,1207.7,1216.3
2018,8,6,1212.0,1209.65
2018,8,7,1215.4,1212.35
2018,8,8,1212.35,1209.55
2018,8,9,1215.5,1214.35
2018,8,10,1211.65,1214.4
2018,8,13,1204.4,1200.35
2018,8,14,1195.3,1197.0
2018,8,15,1186.7,1182.0
2018,8,16,1179.65,1180.4
2018,8,17,1176.7,1178.4
2018,8,20,1188.75,1184.35
2018,8,21,1194.1,1190.95
2018,8,22,1196.85,1196.65
2018,8,23,1187.3,1192.35
2018,8,24,1189.95,1197.7
2018,8,28,1212.75,1212.25
2018,8,29,1204.3,1204.2
2018,8,30,1202.35,1197.3
2018,8,31,1206.85,1202.45
2018,9,3,1201.7,1200.05
2018,9,4,1195.75,1190.85
2018,9,5,1194.7,1196.7
2018,9,6,1204.3,1205.15
2018,9,7,1200.75,1198.9
2018,9,10,1195.8,1196.6
2018,9,11,1194.0,1189.85
2018,9,12,1197.8,1195.6
2018,9,13,1206.65,1209.8
2018,9,14,1206.2,1201.95
2018,9,17,1196.8,1201.9
2018,9,18,1199.4,1200.2
2018,9,19,1203.0,1203.3
2018,9,20,1203.0,1208.35
2018,9,21,1207.6,1198.7
2018,9,24,1198.75,1202.75
2018,9,25,1199.45,1201.9
2018,9,26,1198.8,1194.25
2018,9,27,1196.0,1185.4
2018,9,28,1183.5,1187.25
2018,10,1,1185.3,1189.35
2018,10,2,1192.65,1204.7
2018,10,3,1203.5,1201.2
2018,10,4,1199.45,1203.45
2018,10,5,1201.1,1203.8
2018,10,8,1194.8,1186.95
2018,10,9,1187.4,1185.55
2018,10,10,1186.4,1188.6
2018,10,11,1201.1,1205.55
2018,10,12,1218.75,1219.75
2018,10,15,1233.0,1229.95
2018,10,16,1228.85,1230.7
2018,10,17,1226.75,1229.05
2018,10,18,1224.6,1223.0
2018,10,19,1228.25,1227.85
2018,10,22,1222.9,1222.3
2018,10,23,1235.6,1235.95
2018,10,24,1231.65,1230.55
2018,10,25,1232.15,1230.8
2018,10,26,1236.05,1233.85
2018,10,29,1230.75,1230.8
2018,10,30,1220.0,1225.4
2018,10,31,1217.7,1214.95
2018,11,1,1223.25,1231.15
2018,11,2,1235.5,1232.1
2018,11,5,1231.6,1232.25
2018,11,6,1234.85,1231.6
2018,11,7,1235.05,1229.95
2018,11,8,1223.45,1224.15
2018,11,9,1219.05,1211.4
2018,11,12,1207.05,1205.55
2018,11,13,1197.55,1202.1
2018,11,14,1201.45,1203.25
2018,11,15,1210.6,1211.85
2018,11,16,1215.8,1222.4
2018,11,19,1223.55,1221.6
2018,11,20,1223.1,1223.0
2018,11,21,1224.0,1226.1
2018,11,22,1228.25,1227.05
2018,11,23,1222.15,1223.65
2018,11,26,1226.65,1223.4
2018,11,27,1225.05,1221.2
2018,11,28,1213.2,1213.25
2018,11,29,1226.45,1226.25
2018,11,30,1220.45,1217.55
2018,12,3,1231.05,1230.3
2018,12,4,1239.25,1240.3
2018,12,5,1236.15,1235.9
2018,12,6,1236.45,1242.55
2018,12,7,1241.2,1243.3
2018,12,10,1246.8,1245.35
2018,12,11,1248.25,1245.3
2018,12,12,1244.75,1245.75
2018,12,13,1244.45,1242.75
2018,12,14,1239.15,1235.35
2018,12,17,1239.1,1241.65
2018,12,18,1248.8,1246.3
2018,12,19,1248.6,1255.0
2018,12,20,1255.0,1259.75
2018,12,21,1257.6,1258.15
2018,12,24,1261.25,0.0
2018,12,27,1271.1,1268.0
2018,12,28,1277.25,1279.0
2018,12,31,1281.65,0.0
