year,month,day,Close (troy oz)
2019,1,4,1288.17
2019,1,14,1283.85
2019,1,24,1317.84
2019,2,3,1310.32
2019,2,13,1328.78
2019,2,23,1287.2
2019,3,5,1296.18
2019,3,15,1311.84
2019,3,25,1291.92
2019,4,4,1290.58
2019,4,14,1271.52
2019,4,24,1279.03
2019,5,4,1301.73
2019,5,14,1284.18
2019,5,24,1309.43
2019,6,3,1333.68
2019,6,13,1399.63
2019,6,23,1431.5
2019,7,3,1415.69
2019,7,13,1423.78
2019,7,23,1438.39
2019,8,2,1501.29
2019,8,12,1502.66
2019,8,22,1520.54
2019,9,1,1487.12
2019,9,11,1516.49
2019,9,21,1473.67
2019,10,1,1494.11
2019,10,11,1491.77
2019,10,21,1495.35
2019,10,31,1459.0
2019,11,10,1474.52
2019,11,20,1463.89
2019,11,30,1461.23
2019,12,10,1478.52
2019,12,20,1513.6
2019,12,30,1557.97
2020,1,9,1557.32
2020,1,19,1568.57
2020,1,29,1569.95
2020,2,8,1584.34
2020,2,18,1645.56
2020,2,28,1700.17
2020,3,9,1497.82
2020,3,19,1627.83
2020,3,29,1648.61
2020,4,8,1684.21
2020,4,18,1710.14
2020,4,28,1714.26
2020,5,8,1758.35
2020,5,18,1711.19
2020,5,28,1685.34
2020,6,7,1726.63
2020,6,17,1771.61
2020,6,27,1785.9
2020,7,7,1798.46
2020,7,17,1913.82
2020,7,27,2036.58
2020,8,6,1944.45
2020,8,16,1929.81
2020,8,26,1933.63
2020,9,5,1957.35
2020,9,15,1867.93
2020,9,25,1903.11
2020,10,5,1930.33
